   occupation matrix (subspace #           1 , spin            1 )
   0.15703  -0.00035   0.05151   0.00057   0.00019
  -0.00035   0.16230   0.00037  -0.06377   0.00032
   0.05151   0.00037   0.11408  -0.00074  -0.00025
   0.00057  -0.06377  -0.00074   0.16056   0.00012
   0.00019   0.00032  -0.00025   0.00012   0.09688
   occupation matrix (subspace #           2 , spin            1 )
   0.16498  -0.00006  -0.05811  -0.00010   0.00053
  -0.00006   0.15682  -0.00146   0.06183   0.00090
  -0.05811  -0.00146   0.10572  -0.00137  -0.00074
  -0.00010   0.06183  -0.00137   0.15587  -0.00099
   0.00053   0.00090  -0.00074  -0.00099   0.10102
   occupation matrix (subspace #           3 , spin            1 )
   0.16135  -0.00054   0.05307  -0.00113   0.00010
  -0.00054   0.15870   0.00059  -0.06289  -0.00194
   0.05307   0.00059   0.10963  -0.00094   0.00044
  -0.00113  -0.06289  -0.00094   0.15836   0.00014
   0.00010  -0.00194   0.00044   0.00014   0.10073
   occupation matrix (subspace #           4 , spin            1 )
   0.16469   0.00032  -0.05858   0.00013  -0.00025
   0.00032   0.15656   0.00111   0.06224  -0.00045
  -0.05858   0.00111   0.10634   0.00096   0.00027
   0.00013   0.06224   0.00096   0.15658   0.00046
  -0.00025  -0.00045   0.00027   0.00046   0.10072
   occupation matrix (subspace #           5 , spin            1 )
   0.16162  -0.00053   0.05347   0.00006  -0.00032
  -0.00053   0.15821  -0.00183  -0.06344   0.00045
   0.05347  -0.00183   0.10813   0.00023  -0.00085
   0.00006  -0.06344   0.00023   0.15885   0.00131
  -0.00032   0.00045  -0.00085   0.00131   0.09941
   occupation matrix (subspace #           6 , spin            1 )
   0.16864   0.00005  -0.06122   0.00005  -0.00009
   0.00005   0.15367   0.00003   0.06144   0.00011
  -0.06122   0.00003   0.10363  -0.00005   0.00039
   0.00005   0.06144  -0.00005   0.15414  -0.00010
  -0.00009   0.00011   0.00039  -0.00010   0.10158
   occupation matrix (subspace #           7 , spin            1 )
   0.16198  -0.00010   0.05574  -0.00010   0.00108
  -0.00010   0.15735  -0.00176  -0.06331   0.00146
   0.05574  -0.00176   0.10606   0.00261   0.00081
  -0.00010  -0.06331   0.00261   0.15926   0.00156
   0.00108   0.00146   0.00081   0.00156   0.09979
   occupation matrix (subspace #           8 , spin            1 )
   0.15815   0.00071  -0.05404   0.00070  -0.00139
   0.00071   0.16260   0.00027   0.06258   0.00064
  -0.05404   0.00027   0.11109  -0.00038   0.00027
   0.00070   0.06258  -0.00038   0.15856  -0.00052
  -0.00139   0.00064   0.00027  -0.00052   0.10005
   occupation matrix (subspace #           9 , spin            1 )
   0.16016  -0.00076   0.05592  -0.00077   0.00033
  -0.00076   0.15480  -0.00216  -0.06071  -0.00009
   0.05592  -0.00216   0.11057   0.00049   0.00175
  -0.00077  -0.06071   0.00049   0.16253   0.00044
   0.00033  -0.00009   0.00175   0.00044   0.10291
   occupation matrix (subspace #          10 , spin            1 )
   0.15777   0.00080  -0.05361   0.00020  -0.00001
   0.00080   0.16027   0.00080   0.06323   0.00033
  -0.05361   0.00080   0.11194   0.00019   0.00003
   0.00020   0.06323   0.00019   0.16096  -0.00052
  -0.00001   0.00033   0.00003  -0.00052   0.09848
   occupation matrix (subspace #          11 , spin            1 )
   0.16139   0.00014   0.05649   0.00068   0.00057
   0.00014   0.15730   0.00123  -0.06293  -0.00025
   0.05649   0.00123   0.10613  -0.00172   0.00028
   0.00068  -0.06293  -0.00172   0.16018  -0.00062
   0.00057  -0.00025   0.00028  -0.00062   0.10190
   occupation matrix (subspace #          12 , spin            1 )
   0.16208  -0.00088  -0.05607  -0.00032   0.00007
  -0.00088   0.15902  -0.00180   0.06317   0.00063
  -0.05607  -0.00180   0.10486  -0.00178  -0.00058
  -0.00032   0.06317  -0.00178   0.15790  -0.00013
   0.00007   0.00063  -0.00058  -0.00013   0.10060
   occupation matrix (subspace #          13 , spin            1 )
   0.15901  -0.00049   0.05494   0.00082  -0.00072
  -0.00049   0.15882   0.00013  -0.06337  -0.00034
   0.05494   0.00013   0.10713  -0.00053   0.00014
   0.00082  -0.06337  -0.00053   0.16220   0.00019
  -0.00072  -0.00034   0.00014   0.00019   0.10162
   occupation matrix (subspace #          14 , spin            1 )
   0.15792  -0.00059  -0.05397  -0.00077  -0.00096
  -0.00059   0.16279  -0.00001   0.06263  -0.00102
  -0.05397  -0.00001   0.11143   0.00082   0.00002
  -0.00077   0.06263   0.00082   0.15861   0.00087
  -0.00096  -0.00102   0.00002   0.00087   0.09991
   occupation matrix (subspace #          15 , spin            1 )
   0.15676  -0.00037   0.05282   0.00013  -0.00039
  -0.00037   0.16146  -0.00120  -0.06405   0.00079
   0.05282  -0.00120   0.10983   0.00069  -0.00051
   0.00013  -0.06405   0.00069   0.16150   0.00125
  -0.00039   0.00079  -0.00051   0.00125   0.09888
   occupation matrix (subspace #          16 , spin            1 )
   0.15830  -0.00077  -0.05382  -0.00019   0.00052
  -0.00077   0.16046  -0.00094   0.06353  -0.00003
  -0.05382  -0.00094   0.11059  -0.00040  -0.00038
  -0.00019   0.06353  -0.00040   0.16042   0.00025
   0.00052  -0.00003  -0.00038   0.00025   0.09839
   occupation matrix (subspace #          17 , spin            1 )
   0.16016   0.00048   0.05511  -0.00066   0.00045
   0.00048   0.15969  -0.00092  -0.06375   0.00022
   0.05511  -0.00092   0.10513   0.00111   0.00045
  -0.00066  -0.06375   0.00111   0.15912   0.00007
   0.00045   0.00022   0.00045   0.00007   0.10051
   occupation matrix (subspace #          18 , spin            1 )
   0.16167   0.00099  -0.05554   0.00036   0.00034
   0.00099   0.15961   0.00168   0.06371  -0.00046
  -0.05554   0.00168   0.10486   0.00159  -0.00075
   0.00036   0.06371   0.00159   0.15781   0.00009
   0.00034  -0.00046  -0.00075   0.00009   0.09955
   occupation matrix (subspace #          19 , spin            1 )
   0.16271  -0.00132   0.05747   0.00017  -0.00027
  -0.00132   0.16042   0.00103  -0.06151  -0.00001
   0.05747   0.00103   0.10622  -0.00141  -0.00078
   0.00017  -0.06151  -0.00141   0.15492  -0.00014
  -0.00027  -0.00001  -0.00078  -0.00014   0.10316
   occupation matrix (subspace #          20 , spin            1 )
   0.15965   0.00027  -0.05507  -0.00043   0.00076
   0.00027   0.15748  -0.00141   0.06229  -0.00004
  -0.05507  -0.00141   0.10900  -0.00069   0.00052
  -0.00043   0.06229  -0.00069   0.16252  -0.00074
   0.00076  -0.00004   0.00052  -0.00074   0.10096
   occupation matrix (subspace #          21 , spin            1 )
   0.15899   0.00017   0.05486  -0.00016   0.00039
   0.00017   0.16147   0.00042  -0.06166  -0.00034
   0.05486   0.00042   0.11189  -0.00053   0.00048
  -0.00016  -0.06166  -0.00053   0.15760  -0.00056
   0.00039  -0.00034   0.00048  -0.00056   0.10063
   occupation matrix (subspace #          22 , spin            1 )
   0.15959   0.00045  -0.05485   0.00108   0.00026
   0.00045   0.15949   0.00066   0.06404   0.00014
  -0.05485   0.00066   0.10651   0.00130  -0.00012
   0.00108   0.06404   0.00130   0.16080  -0.00008
   0.00026   0.00014  -0.00012  -0.00008   0.10017
   occupation matrix (subspace #          23 , spin            1 )
   0.16064   0.00115   0.05533  -0.00079  -0.00173
   0.00115   0.15948  -0.00119  -0.06306  -0.00019
   0.05533  -0.00119   0.10871   0.00084  -0.00090
  -0.00079  -0.06306   0.00084   0.15815  -0.00014
  -0.00173  -0.00019  -0.00090  -0.00014   0.09936
   occupation matrix (subspace #          24 , spin            1 )
   0.16031   0.00001  -0.05439  -0.00075  -0.00000
   0.00001   0.15881  -0.00160   0.06393   0.00055
  -0.05439  -0.00160   0.10609  -0.00168   0.00050
  -0.00075   0.06393  -0.00168   0.16055  -0.00117
  -0.00000   0.00055   0.00050  -0.00117   0.09884
   occupation matrix (subspace #          25 , spin            1 )
   0.17554   0.00037   0.04702   0.00025  -0.00021
   0.00037   0.15534   0.00017  -0.06145  -0.00031
   0.04702   0.00017   0.10326   0.00011   0.00049
   0.00025  -0.06145   0.00011   0.15588   0.00013
  -0.00021  -0.00031   0.00049   0.00013   0.09963
   occupation matrix (subspace #          26 , spin            1 )
   0.16531   0.00216  -0.05621  -0.00155   0.00322
   0.00216   0.15666  -0.00269   0.06186   0.00128
  -0.05621  -0.00269   0.10886  -0.00078  -0.00127
  -0.00155   0.06186  -0.00078   0.15992  -0.00341
   0.00322   0.00128  -0.00127  -0.00341   0.10065
   occupation matrix (subspace #          27 , spin            1 )
   0.52992   0.01063  -0.35613   0.01025  -0.00158
   0.01063   0.31700  -0.02484   0.00062  -0.00212
  -0.35613  -0.02484   0.94248  -0.02345  -0.00105
   0.01025   0.00062  -0.02345   0.31617   0.00216
  -0.00158  -0.00212  -0.00105   0.00216   0.32421
   occupation matrix (subspace #          28 , spin            1 )
   0.17233  -0.00004  -0.06057  -0.00034  -0.00083
  -0.00004   0.15619  -0.00076   0.06151   0.00203
  -0.06057  -0.00076   0.10554  -0.00231   0.00045
  -0.00034   0.06151  -0.00231   0.15543   0.00131
  -0.00083   0.00203   0.00045   0.00131   0.10244
   occupation matrix (subspace #          29 , spin            1 )
   0.24115  -0.01355  -0.13441  -0.01349   0.00117
  -0.01355   0.10108   0.01946  -0.03879   0.00239
  -0.13441   0.01946   0.32943   0.01946  -0.00089
  -0.01349  -0.03879   0.01946   0.10116  -0.00267
   0.00117   0.00239  -0.00089  -0.00267   0.06032
   occupation matrix (subspace #          30 , spin            1 )
   0.17817  -0.00720  -0.06377   0.00684  -0.00751
  -0.00720   0.15341   0.00308   0.05937   0.00125
  -0.06377   0.00308   0.10648  -0.00198   0.00309
   0.00684   0.05937  -0.00198   0.15803  -0.00389
  -0.00751   0.00125   0.00309  -0.00389   0.10017
   occupation matrix (subspace #          31 , spin            1 )
   0.16277   0.00102   0.05684  -0.00038  -0.00075
   0.00102   0.15982  -0.00145  -0.06234   0.00005
   0.05684  -0.00145   0.10528   0.00143  -0.00091
  -0.00038  -0.06234   0.00143   0.15564   0.00026
  -0.00075   0.00005  -0.00091   0.00026   0.10178
   occupation matrix (subspace #          32 , spin            1 )
   0.16146   0.00119  -0.05777  -0.00023  -0.00104
   0.00119   0.15941   0.00038   0.06077  -0.00126
  -0.05777   0.00038   0.10709   0.00106   0.00029
  -0.00023   0.06077   0.00106   0.15684   0.00045
  -0.00104  -0.00126   0.00029   0.00045   0.10430
   occupation matrix (subspace #          33 , spin            1 )
   0.15872  -0.00043   0.05495   0.00017   0.00020
  -0.00043   0.16221   0.00022  -0.06180   0.00034
   0.05495   0.00022   0.11246   0.00021  -0.00027
   0.00017  -0.06180   0.00021   0.15699   0.00071
   0.00020   0.00034  -0.00027   0.00071   0.10074
   occupation matrix (subspace #          34 , spin            1 )
   0.16431   0.00038  -0.05765  -0.00020   0.00012
   0.00038   0.15653   0.00263   0.06078  -0.00112
  -0.05765   0.00263   0.10371   0.00240  -0.00016
  -0.00020   0.06078   0.00240   0.15590   0.00074
   0.00012  -0.00112  -0.00016   0.00074   0.10287
   occupation matrix (subspace #          35 , spin            1 )
   0.16061  -0.00083   0.05525   0.00082  -0.00159
  -0.00083   0.15983   0.00119  -0.06295   0.00006
   0.05525   0.00119   0.10881  -0.00042  -0.00094
   0.00082  -0.06295  -0.00042   0.15788   0.00009
  -0.00159   0.00006  -0.00094   0.00009   0.09930
   occupation matrix (subspace #          36 , spin            1 )
   0.15946   0.00015  -0.05447   0.00013  -0.00066
   0.00015   0.16128  -0.00145   0.06287  -0.00083
  -0.05447  -0.00145   0.11034  -0.00008  -0.00018
   0.00013   0.06287  -0.00008   0.15902  -0.00012
  -0.00066  -0.00083  -0.00018  -0.00012   0.10016
   occupation matrix (subspace #          37 , spin            1 )
   0.15775   0.00024   0.05365  -0.00067   0.00066
   0.00024   0.16225  -0.00047  -0.06427  -0.00074
   0.05365  -0.00047   0.10734   0.00057  -0.00002
  -0.00067  -0.06427   0.00057   0.16023   0.00041
   0.00066  -0.00074  -0.00002   0.00041   0.10029
   occupation matrix (subspace #          38 , spin            1 )
   0.15935  -0.00014  -0.05450   0.00047   0.00124
  -0.00014   0.15832   0.00180   0.06278  -0.00042
  -0.05450   0.00180   0.10924   0.00117   0.00002
   0.00047   0.06278   0.00117   0.16173   0.00118
   0.00124  -0.00042   0.00002   0.00118   0.09991
   occupation matrix (subspace #          39 , spin            1 )
   0.15738   0.00084   0.05365   0.00020  -0.00108
   0.00084   0.16000   0.00136  -0.06364  -0.00068
   0.05365   0.00136   0.10960  -0.00082  -0.00038
   0.00020  -0.06364  -0.00082   0.16205  -0.00163
  -0.00108  -0.00068  -0.00038  -0.00163   0.10022
   occupation matrix (subspace #          40 , spin            1 )
   0.16025  -0.00048  -0.05533  -0.00112   0.00062
  -0.00048   0.15951  -0.00099   0.06390   0.00001
  -0.05533  -0.00099   0.10603  -0.00152  -0.00041
  -0.00112   0.06390  -0.00152   0.16000  -0.00023
   0.00062   0.00001  -0.00041  -0.00023   0.10059
   occupation matrix (subspace #          41 , spin            1 )
   0.16058  -0.00100   0.05565  -0.00009   0.00045
  -0.00100   0.15939   0.00078  -0.06315  -0.00046
   0.05565   0.00078   0.10472  -0.00131   0.00038
  -0.00009  -0.06315  -0.00131   0.15916  -0.00008
   0.00045  -0.00046   0.00038  -0.00008   0.10213
   occupation matrix (subspace #          42 , spin            1 )
   0.16036  -0.00007  -0.05451   0.00065   0.00027
  -0.00007   0.15885   0.00177   0.06360  -0.00080
  -0.05451   0.00177   0.10712   0.00185   0.00034
   0.00065   0.06360   0.00185   0.16017   0.00141
   0.00027  -0.00080   0.00034   0.00141   0.09886
   occupation matrix (subspace #          43 , spin            1 )
   0.16157   0.00000   0.05614   0.00014   0.00112
   0.00000   0.15776   0.00146  -0.06346  -0.00126
   0.05614   0.00146   0.10651  -0.00262   0.00065
   0.00014  -0.06346  -0.00262   0.15918  -0.00166
   0.00112  -0.00126   0.00065  -0.00166   0.10005
   occupation matrix (subspace #          44 , spin            1 )
   0.16014  -0.00112  -0.05752  -0.00041  -0.00118
  -0.00112   0.16043   0.00005   0.06101   0.00019
  -0.05752   0.00005   0.11064  -0.00044   0.00014
  -0.00041   0.06101  -0.00044   0.15651  -0.00030
  -0.00118   0.00019   0.00014  -0.00030   0.10395
   occupation matrix (subspace #          45 , spin            1 )
   0.16072   0.00032   0.05594   0.00047   0.00016
   0.00032   0.15534   0.00138  -0.06095   0.00018
   0.05594   0.00138   0.10888  -0.00015   0.00130
   0.00047  -0.06095  -0.00015   0.16172  -0.00004
   0.00016   0.00018   0.00130  -0.00004   0.10258
   occupation matrix (subspace #          46 , spin            1 )
   0.16099  -0.00050  -0.05430  -0.00093  -0.00079
  -0.00050   0.16064  -0.00024   0.05948  -0.00366
  -0.05430  -0.00024   0.11441   0.00178   0.00011
  -0.00093   0.05948   0.00178   0.15691   0.00202
  -0.00079  -0.00366   0.00011   0.00202   0.10219
   occupation matrix (subspace #          47 , spin            1 )
   0.16185  -0.00024   0.05691  -0.00059   0.00072
  -0.00024   0.15718  -0.00144  -0.06254   0.00038
   0.05691  -0.00144   0.10537   0.00198   0.00036
  -0.00059  -0.06254   0.00198   0.16000   0.00140
   0.00072   0.00038   0.00036   0.00140   0.10271
   occupation matrix (subspace #          48 , spin            1 )
   0.15905  -0.00021  -0.05362   0.00022  -0.00103
  -0.00021   0.16177   0.00031   0.06008   0.00317
  -0.05362   0.00031   0.11679  -0.00169  -0.00015
   0.00022   0.06008  -0.00169   0.15769  -0.00115
  -0.00103   0.00317  -0.00015  -0.00115   0.10124
   occupation matrix (subspace #          49 , spin            1 )
   0.15708   0.00032   0.05153  -0.00046   0.00054
   0.00032   0.16264  -0.00033  -0.06374  -0.00010
   0.05153  -0.00033   0.11398   0.00079  -0.00032
  -0.00046  -0.06374   0.00079   0.16018  -0.00002
   0.00054  -0.00010  -0.00032  -0.00002   0.09716
   occupation matrix (subspace #          50 , spin            1 )
   0.16596  -0.00161  -0.05639   0.00184   0.00122
  -0.00161   0.15684   0.00283   0.06197  -0.00026
  -0.05639   0.00283   0.10882   0.00119  -0.00047
   0.00184   0.06197   0.00119   0.15931   0.00225
   0.00122  -0.00026  -0.00047   0.00225   0.09979
   occupation matrix (subspace #          51 , spin            1 )
   0.16137   0.00037   0.05299   0.00087   0.00019
   0.00037   0.15823  -0.00006  -0.06283   0.00193
   0.05299  -0.00006   0.10978   0.00196   0.00113
   0.00087  -0.06283   0.00196   0.15890   0.00009
   0.00019   0.00193   0.00113   0.00009   0.10086
   occupation matrix (subspace #          52 , spin            1 )
   0.17182  -0.00022  -0.06049  -0.00057  -0.00264
  -0.00022   0.15780   0.00028   0.06129  -0.00341
  -0.06049   0.00028   0.10647   0.00220   0.00138
  -0.00057   0.06129   0.00220   0.15432  -0.00002
  -0.00264  -0.00341   0.00138  -0.00002   0.10274
   occupation matrix (subspace #          53 , spin            1 )
   0.16171   0.00082   0.05320   0.00024  -0.00030
   0.00082   0.15792   0.00115  -0.06366  -0.00020
   0.05320   0.00115   0.10818  -0.00077  -0.00045
   0.00024  -0.06366  -0.00077   0.15885  -0.00137
  -0.00030  -0.00020  -0.00045  -0.00137   0.09920
   occupation matrix (subspace #          54 , spin            1 )
   0.17975   0.00716  -0.06405  -0.00747   0.00194
   0.00716   0.15515  -0.00306   0.05939   0.00197
  -0.06405  -0.00306   0.10580   0.00213  -0.00042
  -0.00747   0.05939   0.00213   0.15652   0.00127
   0.00194   0.00197  -0.00042   0.00127   0.09787
