   occupation matrix (subspace #           1 , spin            1 )
   0.16244  -0.00016   0.05637   0.00027  -0.00007
  -0.00016   0.15787   0.00060  -0.06235  -0.00129
   0.05637   0.00060   0.10438  -0.00109  -0.00006
   0.00027  -0.06235  -0.00109   0.15865   0.00044
  -0.00007  -0.00129  -0.00006   0.00044   0.10189
   occupation matrix (subspace #           2 , spin            1 )
   0.16330   0.00021  -0.05509  -0.00003   0.00010
   0.00021   0.15798  -0.00024   0.06333   0.00033
  -0.05509  -0.00024   0.10312   0.00082   0.00001
  -0.00003   0.06333   0.00082   0.15819   0.00068
   0.00010   0.00033   0.00001   0.00068   0.09965
   occupation matrix (subspace #           3 , spin            1 )
   0.15776   0.00088   0.05494  -0.00009  -0.00152
   0.00088   0.15759   0.00056  -0.06194  -0.00009
   0.05494   0.00056   0.11339   0.00000   0.00003
  -0.00009  -0.06194   0.00000   0.16354  -0.00093
  -0.00152  -0.00009   0.00003  -0.00093   0.10146
   occupation matrix (subspace #           4 , spin            1 )
   0.16152  -0.00107  -0.05516   0.00087   0.00016
  -0.00107   0.15940   0.00122   0.06406   0.00061
  -0.05516   0.00122   0.10614   0.00013   0.00005
   0.00087   0.06406   0.00013   0.16007   0.00128
   0.00016   0.00061   0.00005   0.00128   0.10055
   occupation matrix (subspace #           5 , spin            1 )
   0.16022   0.00062   0.05457  -0.00108  -0.00020
   0.00062   0.15935   0.00091  -0.06351  -0.00125
   0.05457   0.00091   0.10689  -0.00064  -0.00012
  -0.00108  -0.06351  -0.00064   0.15976  -0.00173
  -0.00020  -0.00125  -0.00012  -0.00173   0.09936
   occupation matrix (subspace #           6 , spin            1 )
   0.15983  -0.00024  -0.05364  -0.00023  -0.00008
  -0.00024   0.16124   0.00048   0.06522  -0.00089
  -0.05364   0.00048   0.10719  -0.00017   0.00003
  -0.00023   0.06522  -0.00017   0.16106   0.00020
  -0.00008  -0.00089   0.00003   0.00020   0.09856
   occupation matrix (subspace #           7 , spin            1 )
   0.15988   0.00033   0.05514  -0.00114  -0.00084
   0.00033   0.15845  -0.00115  -0.06306   0.00001
   0.05514  -0.00115   0.10887   0.00059  -0.00037
  -0.00114  -0.06306   0.00059   0.15999   0.00019
  -0.00084   0.00001  -0.00037   0.00019   0.10006
   occupation matrix (subspace #           8 , spin            1 )
   0.15881  -0.00013  -0.05415  -0.00082   0.00018
  -0.00013   0.16130  -0.00050   0.06312  -0.00034
  -0.05415  -0.00050   0.11082  -0.00051  -0.00055
  -0.00082   0.06312  -0.00051   0.15893   0.00061
   0.00018  -0.00034  -0.00055   0.00061   0.09863
   occupation matrix (subspace #           9 , spin            1 )
   0.16147  -0.00041   0.05609   0.00067   0.00028
  -0.00041   0.15870   0.00126  -0.06294   0.00010
   0.05609   0.00126   0.10558  -0.00100   0.00054
   0.00067  -0.06294  -0.00100   0.15872   0.00032
   0.00028   0.00010   0.00054   0.00032   0.10120
   occupation matrix (subspace #          10 , spin            1 )
   0.16257   0.00068  -0.05682   0.00103   0.00030
   0.00068   0.15741   0.00181   0.06249   0.00009
  -0.05682   0.00181   0.10465   0.00134   0.00025
   0.00103   0.06249   0.00134   0.15879  -0.00067
   0.00030   0.00009   0.00025  -0.00067   0.10213
   occupation matrix (subspace #          11 , spin            1 )
   0.15883   0.00001   0.05429  -0.00059   0.00052
   0.00001   0.16043  -0.00029  -0.06317  -0.00001
   0.05429  -0.00029   0.11040   0.00071   0.00029
  -0.00059  -0.06317   0.00071   0.15988  -0.00045
   0.00052  -0.00001   0.00029  -0.00045   0.09855
   occupation matrix (subspace #          12 , spin            1 )
   0.15837  -0.00081  -0.05416  -0.00027   0.00102
  -0.00081   0.15913   0.00072   0.06258  -0.00082
  -0.05416   0.00072   0.11173  -0.00014  -0.00034
  -0.00027   0.06258  -0.00014   0.16179   0.00122
   0.00102  -0.00082  -0.00034   0.00122   0.09926
   occupation matrix (subspace #          13 , spin            1 )
   0.16156   0.00100   0.05661  -0.00021   0.00112
   0.00100   0.15987  -0.00113  -0.06218   0.00064
   0.05661  -0.00113   0.10562   0.00212   0.00041
  -0.00021  -0.06218   0.00212   0.15758   0.00048
   0.00112   0.00064   0.00041   0.00048   0.10264
   occupation matrix (subspace #          14 , spin            1 )
   0.16053   0.00020  -0.05584   0.00001  -0.00025
   0.00020   0.16096  -0.00049   0.06361   0.00087
  -0.05584  -0.00049   0.10620  -0.00037  -0.00003
   0.00001   0.06361  -0.00037   0.15862  -0.00044
  -0.00025   0.00087  -0.00003  -0.00044   0.10089
   occupation matrix (subspace #          15 , spin            1 )
   0.15889  -0.00062   0.05477   0.00008  -0.00070
  -0.00062   0.15828   0.00130  -0.06205  -0.00016
   0.05477   0.00130   0.10751  -0.00142   0.00022
   0.00008  -0.06205  -0.00142   0.16238   0.00029
  -0.00070  -0.00016   0.00022   0.00029   0.10307
   occupation matrix (subspace #          16 , spin            1 )
   0.16213   0.00040  -0.05659   0.00075   0.00053
   0.00040   0.16022   0.00056   0.06212   0.00108
  -0.05659   0.00056   0.10432  -0.00002  -0.00102
   0.00075   0.06212  -0.00002   0.15702  -0.00002
   0.00053   0.00108  -0.00102  -0.00002   0.10284
   occupation matrix (subspace #          17 , spin            1 )
   0.15766  -0.00023   0.05346   0.00034   0.00004
  -0.00023   0.16051  -0.00188  -0.06316   0.00150
   0.05346  -0.00188   0.11129   0.00057   0.00007
   0.00034  -0.06316   0.00057   0.16131   0.00122
   0.00004   0.00150   0.00007   0.00122   0.09846
   occupation matrix (subspace #          18 , spin            1 )
   0.16147  -0.00068  -0.05527  -0.00000   0.00058
  -0.00068   0.15890  -0.00001   0.06407  -0.00045
  -0.05527  -0.00001   0.10464   0.00038  -0.00011
  -0.00000   0.06407   0.00038   0.15932   0.00078
   0.00058  -0.00045  -0.00011   0.00078   0.09931
   occupation matrix (subspace #          19 , spin            1 )
   0.16014   0.00097   0.05557  -0.00022   0.00081
   0.00097   0.16107  -0.00018  -0.06269   0.00016
   0.05557  -0.00018   0.10827   0.00170  -0.00037
  -0.00022  -0.06269   0.00170   0.15739   0.00053
   0.00081   0.00016  -0.00037   0.00053   0.10117
   occupation matrix (subspace #          20 , spin            1 )
   0.15884  -0.00014  -0.05447  -0.00055  -0.00076
  -0.00014   0.15999   0.00022   0.06257  -0.00025
  -0.05447   0.00022   0.11102   0.00089   0.00044
  -0.00055   0.06257   0.00089   0.15955   0.00073
  -0.00076  -0.00025   0.00044   0.00073   0.09920
   occupation matrix (subspace #          21 , spin            1 )
   0.16200  -0.00038   0.05688   0.00037  -0.00000
  -0.00038   0.15800   0.00148  -0.06201   0.00019
   0.05688   0.00148   0.10481  -0.00112   0.00002
   0.00037  -0.06201  -0.00112   0.15895   0.00005
  -0.00000   0.00019   0.00002   0.00005   0.10323
   occupation matrix (subspace #          22 , spin            1 )
   0.16217   0.00057  -0.05666   0.00011  -0.00047
   0.00057   0.15940   0.00157   0.06262  -0.00169
  -0.05666   0.00157   0.10507   0.00157  -0.00022
   0.00011   0.06262   0.00157   0.15736   0.00049
  -0.00047  -0.00169  -0.00022   0.00049   0.10201
   occupation matrix (subspace #          23 , spin            1 )
   0.15884   0.00077   0.05439  -0.00010  -0.00075
   0.00077   0.15922  -0.00051  -0.06288  -0.00042
   0.05439  -0.00051   0.11057  -0.00020  -0.00018
  -0.00010  -0.06288  -0.00020   0.16095  -0.00090
  -0.00075  -0.00042  -0.00018  -0.00090   0.09892
   occupation matrix (subspace #          24 , spin            1 )
   0.16024  -0.00094  -0.05557  -0.00027   0.00025
  -0.00094   0.15750  -0.00124   0.06290   0.00042
  -0.05557  -0.00124   0.10793  -0.00122   0.00009
  -0.00027   0.06290  -0.00122   0.16142  -0.00007
   0.00025   0.00042   0.00009  -0.00007   0.10074
   occupation matrix (subspace #          25 , spin            1 )
   0.16152   0.00157   0.05404  -0.00169   0.00024
   0.00157   0.16274   0.00565  -0.05797  -0.00645
   0.05404   0.00565   0.11760  -0.00593   0.00030
  -0.00169  -0.05797  -0.00593   0.16268  -0.00596
   0.00024  -0.00645   0.00030  -0.00596   0.10511
   occupation matrix (subspace #          26 , spin            1 )
   0.16339  -0.00023  -0.05829   0.00041  -0.00057
  -0.00023   0.15842   0.00007   0.06102   0.00151
  -0.05829   0.00007   0.10342  -0.00025   0.00020
   0.00041   0.06102  -0.00025   0.15695   0.00128
  -0.00057   0.00151   0.00020   0.00128   0.10507
   occupation matrix (subspace #          27 , spin            1 )
   0.73674  -0.06505  -0.35227   0.06221   0.00024
  -0.06505   0.96030  -0.04772   0.43424  -0.51303
  -0.35227  -0.04772   0.96032   0.04946  -0.00024
   0.06221   0.43424   0.04946   0.96163  -0.51452
   0.00024  -0.51303  -0.00024  -0.51452   1.08432
   occupation matrix (subspace #          28 , spin            1 )
   0.15983  -0.00012  -0.05656  -0.00003  -0.00004
  -0.00012   0.15802  -0.00050   0.06293   0.00085
  -0.05656  -0.00050   0.10485  -0.00038  -0.00003
  -0.00003   0.06293  -0.00038   0.15788   0.00050
  -0.00004   0.00085  -0.00003   0.00050   0.11007
   occupation matrix (subspace #          29 , spin            1 )
   0.16612  -0.00121   0.05668   0.00129   0.00010
  -0.00121   0.15951   0.00242  -0.06010   0.00325
   0.05668   0.00242   0.10070  -0.00286  -0.00008
   0.00129  -0.06010  -0.00286   0.15935   0.00284
   0.00010   0.00325  -0.00008   0.00284   0.10498
   occupation matrix (subspace #          30 , spin            1 )
   0.15932  -0.00186  -0.05319   0.00179  -0.00010
  -0.00186   0.16160   0.00186   0.06434  -0.00230
  -0.05319   0.00186   0.10603  -0.00081  -0.00000
   0.00179   0.06434  -0.00081   0.16133  -0.00149
  -0.00010  -0.00230  -0.00000  -0.00149   0.10186
   occupation matrix (subspace #          31 , spin            1 )
   0.15978   0.00096   0.05479   0.00011  -0.00037
   0.00096   0.15884  -0.00134  -0.06377   0.00051
   0.05479  -0.00134   0.10909   0.00120   0.00018
   0.00011  -0.06377   0.00120   0.16047   0.00005
  -0.00037   0.00051   0.00018   0.00005   0.09842
   occupation matrix (subspace #          32 , spin            1 )
   0.15848   0.00082  -0.05372   0.00054   0.00030
   0.00082   0.16041   0.00081   0.06305  -0.00008
  -0.05372   0.00081   0.11155   0.00205  -0.00055
   0.00054   0.06305   0.00205   0.16072   0.00089
   0.00030  -0.00008  -0.00055   0.00089   0.09842
   occupation matrix (subspace #          33 , spin            1 )
   0.16117  -0.00059   0.05558   0.00081  -0.00013
  -0.00059   0.16033   0.00133  -0.06278   0.00036
   0.05558   0.00133   0.10544  -0.00101  -0.00056
   0.00081  -0.06278  -0.00101   0.15749  -0.00015
  -0.00013   0.00036  -0.00056  -0.00015   0.10120
   occupation matrix (subspace #          34 , spin            1 )
   0.16228   0.00076  -0.05677  -0.00033   0.00093
   0.00076   0.16127   0.00039   0.06210   0.00131
  -0.05677   0.00039   0.10366   0.00012  -0.00095
  -0.00033   0.06210   0.00012   0.15916   0.00110
   0.00093   0.00131  -0.00095   0.00110   0.10273
   occupation matrix (subspace #          35 , spin            1 )
   0.15925  -0.00035   0.05498  -0.00049   0.00106
  -0.00035   0.16125   0.00063  -0.06279  -0.00101
   0.05498   0.00063   0.11045  -0.00020  -0.00003
  -0.00049  -0.06279  -0.00020   0.15831  -0.00050
   0.00106  -0.00101  -0.00003  -0.00050   0.09978
   occupation matrix (subspace #          36 , spin            1 )
   0.16087   0.00059  -0.05523  -0.00091  -0.00100
   0.00059   0.16005  -0.00333   0.06162   0.00089
  -0.05523  -0.00333   0.10473  -0.00287   0.00088
  -0.00091   0.06162  -0.00287   0.16204   0.00121
  -0.00100   0.00089   0.00088   0.00121   0.10080
   occupation matrix (subspace #          37 , spin            1 )
   0.16023   0.00062   0.05577  -0.00057  -0.00101
   0.00062   0.15749  -0.00147  -0.06269   0.00018
   0.05577  -0.00147   0.10758   0.00109   0.00004
  -0.00057  -0.06269   0.00109   0.16129   0.00024
  -0.00101   0.00018   0.00004   0.00024   0.10116
   occupation matrix (subspace #          38 , spin            1 )
   0.15882  -0.00018  -0.05441  -0.00040   0.00001
  -0.00018   0.15941   0.00061   0.06373  -0.00090
  -0.05441   0.00061   0.10941   0.00112   0.00015
  -0.00040   0.06373   0.00112   0.16154   0.00123
   0.00001  -0.00090   0.00015   0.00123   0.09897
   occupation matrix (subspace #          39 , spin            1 )
   0.16017  -0.00009   0.05579   0.00049   0.00027
  -0.00009   0.16172   0.00171  -0.06154  -0.00019
   0.05579   0.00171   0.10578  -0.00133  -0.00065
   0.00049  -0.06154  -0.00133   0.15757   0.00006
   0.00027  -0.00019  -0.00065   0.00006   0.10426
   occupation matrix (subspace #          40 , spin            1 )
   0.16189  -0.00097  -0.05641  -0.00060  -0.00020
  -0.00097   0.15637  -0.00035   0.06209   0.00032
  -0.05641  -0.00035   0.10523  -0.00079   0.00097
  -0.00060   0.06209  -0.00079   0.16103   0.00071
  -0.00020   0.00032   0.00097   0.00071   0.10253
   occupation matrix (subspace #          41 , spin            1 )
   0.15810   0.00020   0.05407   0.00010   0.00039
   0.00020   0.16172  -0.00045  -0.06320   0.00094
   0.05407  -0.00045   0.11011   0.00045   0.00001
   0.00010  -0.06320   0.00045   0.15945   0.00024
   0.00039   0.00094   0.00001   0.00024   0.09893
   occupation matrix (subspace #          42 , spin            1 )
   0.16130   0.00018  -0.05519   0.00112  -0.00057
   0.00018   0.15974   0.00023   0.06361   0.00103
  -0.05519   0.00023   0.10538   0.00042   0.00008
   0.00112   0.06361   0.00042   0.15843  -0.00016
  -0.00057   0.00103   0.00008  -0.00016   0.09967
   occupation matrix (subspace #          43 , spin            1 )
   0.16131   0.00079   0.05652  -0.00027  -0.00063
   0.00079   0.15752  -0.00061  -0.06228   0.00006
   0.05652  -0.00061   0.10675   0.00166   0.00011
  -0.00027  -0.06228   0.00166   0.16069  -0.00037
  -0.00063   0.00006   0.00011  -0.00037   0.10245
   occupation matrix (subspace #          44 , spin            1 )
   0.15818  -0.00054  -0.05371  -0.00066  -0.00010
  -0.00054   0.16134  -0.00137   0.06302   0.00044
  -0.05371  -0.00137   0.11218  -0.00012   0.00018
  -0.00066   0.06302  -0.00012   0.16011   0.00031
  -0.00010   0.00044   0.00018   0.00031   0.09855
   occupation matrix (subspace #          45 , spin            1 )
   0.16095  -0.00021   0.05541   0.00075   0.00144
  -0.00021   0.15934   0.00085  -0.06268  -0.00105
   0.05541   0.00085   0.10645  -0.00103   0.00140
   0.00075  -0.06268  -0.00103   0.15836  -0.00033
   0.00144  -0.00105   0.00140  -0.00033   0.10074
   occupation matrix (subspace #          46 , spin            1 )
   0.16161   0.00054  -0.05609  -0.00068  -0.00106
   0.00054   0.15976  -0.00061   0.06228   0.00155
  -0.05609  -0.00061   0.10403  -0.00089   0.00095
  -0.00068   0.06228  -0.00089   0.16154   0.00080
  -0.00106   0.00155   0.00095   0.00080   0.10186
   occupation matrix (subspace #          47 , spin            1 )
   0.15904  -0.00075   0.05497  -0.00001  -0.00099
  -0.00075   0.15858   0.00115  -0.06282  -0.00052
   0.05497   0.00115   0.11088  -0.00180  -0.00008
  -0.00001  -0.06282  -0.00180   0.16094  -0.00132
  -0.00099  -0.00052  -0.00008  -0.00132   0.09972
   occupation matrix (subspace #          48 , spin            1 )
   0.16140   0.00057  -0.05537  -0.00074   0.00059
   0.00057   0.16185   0.00283   0.06202   0.00092
  -0.05537   0.00283   0.10421   0.00307  -0.00061
  -0.00074   0.06202   0.00307   0.15965   0.00142
   0.00059   0.00092  -0.00061   0.00142   0.10043
   occupation matrix (subspace #          49 , spin            1 )
   0.16007  -0.00024   0.05424   0.00011  -0.00025
  -0.00024   0.15937   0.00007  -0.06325   0.00046
   0.05424   0.00007   0.10841   0.00009  -0.00024
   0.00011  -0.06325   0.00009   0.15929   0.00082
  -0.00025   0.00046  -0.00024   0.00082   0.09924
   occupation matrix (subspace #          50 , spin            1 )
   0.16002   0.00176  -0.05714  -0.00214   0.00120
   0.00176   0.15628  -0.00362   0.06171   0.00123
  -0.05714  -0.00362   0.10820  -0.00077   0.00010
  -0.00214   0.06171  -0.00077   0.16229  -0.00124
   0.00120   0.00123   0.00010  -0.00124   0.10507
   occupation matrix (subspace #          51 , spin            1 )
   0.16014   0.00107   0.05499  -0.00126   0.00048
   0.00107   0.15912   0.00056  -0.06254  -0.00198
   0.05499   0.00056   0.11050  -0.00083   0.00023
  -0.00126  -0.06254  -0.00083   0.15839  -0.00152
   0.00048  -0.00198   0.00023  -0.00152   0.09969
   occupation matrix (subspace #          52 , spin            1 )
   0.16466  -0.00193  -0.05966   0.00264   0.00025
  -0.00193   0.16015   0.00234   0.05614  -0.00194
  -0.05966   0.00234   0.10495   0.00050  -0.00005
   0.00264   0.05614   0.00050   0.16053  -0.00107
   0.00025  -0.00194  -0.00005  -0.00107   0.11445
   occupation matrix (subspace #          53 , spin            1 )
   0.15572   0.00011   0.05236   0.00040   0.00027
   0.00011   0.16210  -0.00168  -0.06217   0.00209
   0.05236  -0.00168   0.11712   0.00120  -0.00005
   0.00040  -0.06217   0.00120   0.16098   0.00166
   0.00027   0.00209  -0.00005   0.00166   0.09799
   occupation matrix (subspace #          54 , spin            1 )
   0.16069   0.00112  -0.05681  -0.00125  -0.00034
   0.00112   0.15827  -0.00090   0.06308   0.00127
  -0.05681  -0.00090   0.10737  -0.00161   0.00021
  -0.00125   0.06308  -0.00161   0.15688  -0.00058
  -0.00034   0.00127   0.00021  -0.00058   0.10491
