   occupation matrix (subspace #           1 , spin            1 )
   0.17771  -0.00000   0.03941  -0.00000  -0.00001
  -0.00000   0.15112   0.00000  -0.05915   0.00000
   0.03941   0.00000   0.11988   0.00000  -0.00000
  -0.00000  -0.05915   0.00000   0.15115  -0.00000
  -0.00001   0.00000  -0.00000  -0.00000   0.09845
   occupation matrix (subspace #           2 , spin            1 )
   0.17477  -0.00351  -0.04594   0.00351  -0.00001
  -0.00351   0.15657   0.00021   0.06204  -0.00083
  -0.04594   0.00021   0.10830  -0.00021   0.00000
   0.00351   0.06204  -0.00021   0.15658  -0.00082
  -0.00001  -0.00083   0.00000  -0.00082   0.09817
   occupation matrix (subspace #           3 , spin            1 )
   0.18032   0.00003   0.03883  -0.00006   0.00000
   0.00003   0.15081  -0.00155  -0.05961   0.00015
   0.03883  -0.00155   0.11708   0.00157  -0.00000
  -0.00006  -0.05961   0.00157   0.15080   0.00015
   0.00000   0.00015  -0.00000   0.00015   0.09788
   occupation matrix (subspace #           4 , spin            1 )
   0.17477   0.00351  -0.04594  -0.00351  -0.00001
   0.00351   0.15657  -0.00021   0.06204   0.00083
  -0.04594  -0.00021   0.10830   0.00021   0.00000
  -0.00351   0.06204   0.00021   0.15658   0.00082
  -0.00001   0.00083   0.00000   0.00082   0.09817
   occupation matrix (subspace #           5 , spin            1 )
   0.18032  -0.00003   0.03883   0.00006   0.00000
  -0.00003   0.15081   0.00155  -0.05961  -0.00015
   0.03883   0.00155   0.11708  -0.00157  -0.00000
   0.00006  -0.05961  -0.00157   0.15080  -0.00015
   0.00000  -0.00015  -0.00000  -0.00015   0.09788
   occupation matrix (subspace #           6 , spin            1 )
   0.17554  -0.00000  -0.04732   0.00000   0.00001
  -0.00000   0.15546   0.00000   0.06385  -0.00000
  -0.04732   0.00000   0.11021   0.00000   0.00000
   0.00000   0.06385   0.00000   0.15547  -0.00000
   0.00001  -0.00000   0.00000  -0.00000   0.09806
   occupation matrix (subspace #           7 , spin            1 )
   0.16342  -0.00000   0.05017  -0.00000   0.00109
  -0.00000   0.15610  -0.00000  -0.06237   0.00000
   0.05017  -0.00000   0.11136  -0.00000   0.00178
  -0.00000  -0.06237  -0.00000   0.15986  -0.00000
   0.00109   0.00000   0.00178  -0.00000   0.10199
   occupation matrix (subspace #           8 , spin            1 )
   0.16778   0.00058  -0.04945  -0.00050   0.00078
   0.00058   0.15753   0.00117   0.06217  -0.00013
  -0.04945   0.00117   0.10937  -0.00050  -0.00066
  -0.00050   0.06217  -0.00050   0.15565   0.00015
   0.00078  -0.00013  -0.00066   0.00015   0.09924
   occupation matrix (subspace #           9 , spin            1 )
   0.16535   0.00040   0.05079  -0.00033   0.00067
   0.00040   0.15726  -0.00063  -0.06286   0.00034
   0.05079  -0.00063   0.10832   0.00053  -0.00007
  -0.00033  -0.06286   0.00053   0.15754  -0.00022
   0.00067   0.00034  -0.00007  -0.00022   0.10108
   occupation matrix (subspace #          10 , spin            1 )
   0.16778  -0.00057  -0.04945   0.00050   0.00078
  -0.00057   0.15753  -0.00117   0.06217   0.00013
  -0.04945  -0.00117   0.10937   0.00050  -0.00066
   0.00050   0.06217   0.00050   0.15565  -0.00015
   0.00078   0.00013  -0.00066  -0.00015   0.09924
   occupation matrix (subspace #          11 , spin            1 )
   0.16535  -0.00040   0.05079   0.00033   0.00067
  -0.00040   0.15726   0.00063  -0.06286  -0.00034
   0.05079   0.00063   0.10832  -0.00053  -0.00007
   0.00033  -0.06286  -0.00053   0.15754   0.00022
   0.00067  -0.00034  -0.00007   0.00022   0.10108
   occupation matrix (subspace #          12 , spin            1 )
   0.16803   0.00000  -0.05030   0.00000   0.00120
   0.00000   0.15624  -0.00000   0.06153   0.00000
  -0.05030  -0.00000   0.10873  -0.00000   0.00008
   0.00000   0.06153  -0.00000   0.15648  -0.00000
   0.00120   0.00000   0.00008  -0.00000   0.10055
   occupation matrix (subspace #          13 , spin            1 )
   0.16585  -0.00000   0.05057  -0.00000  -0.00033
  -0.00000   0.15612   0.00000  -0.06175  -0.00000
   0.05057   0.00000   0.11059  -0.00000   0.00014
  -0.00000  -0.06175  -0.00000   0.15992  -0.00000
  -0.00033  -0.00000   0.00014  -0.00000   0.10120
   occupation matrix (subspace #          14 , spin            1 )
   0.16701   0.00120  -0.05034  -0.00106   0.00061
   0.00120   0.15759   0.00043   0.06231   0.00022
  -0.05034   0.00043   0.10808   0.00015  -0.00048
  -0.00106   0.06231   0.00015   0.15703   0.00055
   0.00061   0.00022  -0.00048   0.00055   0.09934
   occupation matrix (subspace #          15 , spin            1 )
   0.16586   0.00047   0.04961   0.00085  -0.00041
   0.00047   0.15786  -0.00097  -0.06315   0.00034
   0.04961  -0.00097   0.10809   0.00083   0.00011
   0.00085  -0.06315   0.00083   0.15845   0.00035
  -0.00041   0.00034   0.00011   0.00035   0.09959
   occupation matrix (subspace #          16 , spin            1 )
   0.16701  -0.00120  -0.05034   0.00106   0.00061
  -0.00120   0.15759  -0.00043   0.06231  -0.00022
  -0.05034  -0.00043   0.10808  -0.00015  -0.00048
   0.00106   0.06231  -0.00015   0.15703  -0.00055
   0.00061  -0.00022  -0.00048  -0.00055   0.09934
   occupation matrix (subspace #          17 , spin            1 )
   0.16586  -0.00047   0.04961  -0.00085  -0.00041
  -0.00047   0.15786   0.00097  -0.06315  -0.00034
   0.04961   0.00097   0.10809  -0.00083   0.00011
  -0.00085  -0.06315  -0.00083   0.15845  -0.00035
  -0.00041  -0.00034   0.00011  -0.00035   0.09959
   occupation matrix (subspace #          18 , spin            1 )
   0.16720   0.00000  -0.05108  -0.00000   0.00170
   0.00000   0.15841   0.00000   0.06118   0.00000
  -0.05108   0.00000   0.10813   0.00000  -0.00065
  -0.00000   0.06118   0.00000   0.15541   0.00000
   0.00170   0.00000  -0.00065   0.00000   0.10149
   occupation matrix (subspace #          19 , spin            1 )
   0.16343  -0.00000   0.05017   0.00000  -0.00108
  -0.00000   0.15986  -0.00000  -0.06237   0.00000
   0.05017  -0.00000   0.11135  -0.00000  -0.00178
   0.00000  -0.06237  -0.00000   0.15609   0.00000
  -0.00108   0.00000  -0.00178   0.00000   0.10199
   occupation matrix (subspace #          20 , spin            1 )
   0.16778   0.00050  -0.04945  -0.00057  -0.00079
   0.00050   0.15565   0.00049   0.06217   0.00015
  -0.04945   0.00049   0.10938  -0.00118   0.00066
  -0.00057   0.06217  -0.00118   0.15753  -0.00014
  -0.00079   0.00015   0.00066  -0.00014   0.09924
   occupation matrix (subspace #          21 , spin            1 )
   0.16536   0.00032   0.05079  -0.00040  -0.00066
   0.00032   0.15754  -0.00052  -0.06286  -0.00022
   0.05079  -0.00052   0.10831   0.00063   0.00007
  -0.00040  -0.06286   0.00063   0.15725   0.00034
  -0.00066  -0.00022   0.00007   0.00034   0.10108
   occupation matrix (subspace #          22 , spin            1 )
   0.16778  -0.00050  -0.04945   0.00057  -0.00079
  -0.00050   0.15565  -0.00049   0.06217  -0.00015
  -0.04945  -0.00049   0.10938   0.00118   0.00066
   0.00057   0.06217   0.00118   0.15753   0.00014
  -0.00079  -0.00015   0.00066   0.00014   0.09924
   occupation matrix (subspace #          23 , spin            1 )
   0.16536  -0.00032   0.05079   0.00040  -0.00066
  -0.00032   0.15754   0.00052  -0.06286   0.00022
   0.05079   0.00052   0.10831  -0.00063   0.00007
   0.00040  -0.06286  -0.00063   0.15725  -0.00034
  -0.00066   0.00022   0.00007  -0.00034   0.10108
   occupation matrix (subspace #          24 , spin            1 )
   0.16801  -0.00000  -0.05030   0.00000  -0.00121
  -0.00000   0.15650  -0.00000   0.06154   0.00000
  -0.05030  -0.00000   0.10876  -0.00000  -0.00007
   0.00000   0.06154  -0.00000   0.15624  -0.00000
  -0.00121   0.00000  -0.00007  -0.00000   0.10054
   occupation matrix (subspace #          25 , spin            1 )
   0.17086   0.00000   0.03176   0.00000   0.00000
   0.00000   0.15155   0.00000  -0.05545  -0.00000
   0.03176   0.00000   0.14690  -0.00000  -0.00000
   0.00000  -0.05545  -0.00000   0.15158   0.00000
   0.00000  -0.00000  -0.00000   0.00000   0.09724
   occupation matrix (subspace #          26 , spin            1 )
   0.16765   0.00365  -0.05113  -0.00365   0.00000
   0.00365   0.15856  -0.00055   0.06135   0.00086
  -0.05113  -0.00055   0.10774   0.00055   0.00000
  -0.00365   0.06135   0.00055   0.15857   0.00086
   0.00000   0.00086   0.00000   0.00086   0.10321
   occupation matrix (subspace #          27 , spin            1 )
   0.16829   0.00400   0.03704  -0.00399   0.00000
   0.00400   0.16148   0.00550  -0.05159  -0.01162
   0.03704   0.00550   0.15319  -0.00550  -0.00000
  -0.00399  -0.05159  -0.00550   0.16148  -0.01162
   0.00000  -0.01162  -0.00000  -0.01162   0.10624
   occupation matrix (subspace #          28 , spin            1 )
   0.16765  -0.00365  -0.05113   0.00365   0.00000
  -0.00365   0.15856   0.00055   0.06135  -0.00086
  -0.05113   0.00055   0.10774  -0.00055   0.00000
   0.00365   0.06135  -0.00055   0.15857  -0.00086
   0.00000  -0.00086   0.00000  -0.00086   0.10321
   occupation matrix (subspace #          29 , spin            1 )
   0.16829  -0.00400   0.03704   0.00399   0.00000
  -0.00400   0.16148  -0.00550  -0.05159   0.01162
   0.03704  -0.00550   0.15319   0.00550  -0.00000
   0.00399  -0.05159   0.00550   0.16148   0.01162
   0.00000   0.01162  -0.00000   0.01162   0.10624
   occupation matrix (subspace #          30 , spin            1 )
   0.16396  -0.00000  -0.04971   0.00000  -0.00002
  -0.00000   0.16257   0.00000   0.06022  -0.00000
  -0.04971   0.00000   0.10647   0.00000   0.00000
   0.00000   0.06022   0.00000   0.16256  -0.00000
  -0.00002  -0.00000   0.00000  -0.00000   0.10209
   occupation matrix (subspace #          31 , spin            1 )
   0.16394   0.00000   0.05113   0.00000   0.00059
   0.00000   0.15756   0.00000  -0.06237  -0.00000
   0.05113   0.00000   0.11264  -0.00000   0.00113
   0.00000  -0.06237  -0.00000   0.15852   0.00000
   0.00059  -0.00000   0.00113   0.00000   0.10102
   occupation matrix (subspace #          32 , spin            1 )
   0.16732   0.00157  -0.05027   0.00017  -0.00074
   0.00157   0.15511   0.00005   0.06209   0.00117
  -0.05027   0.00005   0.11003  -0.00184   0.00038
   0.00017   0.06209  -0.00184   0.15888  -0.00134
  -0.00074   0.00117   0.00038  -0.00134   0.10003
   occupation matrix (subspace #          33 , spin            1 )
   0.16489   0.00075   0.05064   0.00054   0.00224
   0.00075   0.15786  -0.00054  -0.06285   0.00005
   0.05064  -0.00054   0.10893   0.00104   0.00017
   0.00054  -0.06285   0.00104   0.15890   0.00064
   0.00224   0.00005   0.00017   0.00064   0.09967
   occupation matrix (subspace #          34 , spin            1 )
   0.16732  -0.00157  -0.05027  -0.00017  -0.00074
  -0.00157   0.15511  -0.00005   0.06209  -0.00117
  -0.05027  -0.00005   0.11003   0.00184   0.00038
  -0.00017   0.06209   0.00184   0.15888   0.00134
  -0.00074  -0.00117   0.00038   0.00134   0.10003
   occupation matrix (subspace #          35 , spin            1 )
   0.16489  -0.00075   0.05064  -0.00054   0.00224
  -0.00075   0.15786   0.00054  -0.06285  -0.00005
   0.05064   0.00054   0.10893  -0.00104   0.00017
  -0.00054  -0.06285  -0.00104   0.15890  -0.00064
   0.00224  -0.00005   0.00017  -0.00064   0.09967
   occupation matrix (subspace #          36 , spin            1 )
   0.16905   0.00000  -0.05119   0.00000   0.00062
   0.00000   0.15593   0.00000   0.06060  -0.00000
  -0.05119   0.00000   0.10775   0.00000  -0.00037
   0.00000   0.06060   0.00000   0.15488  -0.00000
   0.00062  -0.00000  -0.00037  -0.00000   0.10257
   occupation matrix (subspace #          37 , spin            1 )
   0.16585   0.00000   0.05057  -0.00000   0.00034
   0.00000   0.15992   0.00000  -0.06174  -0.00000
   0.05057   0.00000   0.11058  -0.00000  -0.00013
  -0.00000  -0.06174  -0.00000   0.15612  -0.00000
   0.00034  -0.00000  -0.00013  -0.00000   0.10121
   occupation matrix (subspace #          38 , spin            1 )
   0.16701   0.00106  -0.05034  -0.00119  -0.00062
   0.00106   0.15703  -0.00016   0.06232   0.00055
  -0.05034  -0.00016   0.10808  -0.00043   0.00049
  -0.00119   0.06232  -0.00043   0.15759   0.00022
  -0.00062   0.00055   0.00049   0.00022   0.09933
   occupation matrix (subspace #          39 , spin            1 )
   0.16586  -0.00086   0.04961  -0.00047   0.00042
  -0.00086   0.15846  -0.00083  -0.06315   0.00035
   0.04961  -0.00083   0.10809   0.00097  -0.00011
  -0.00047  -0.06315   0.00097   0.15786   0.00034
   0.00042   0.00035  -0.00011   0.00034   0.09960
   occupation matrix (subspace #          40 , spin            1 )
   0.16701  -0.00106  -0.05034   0.00119  -0.00062
  -0.00106   0.15703   0.00016   0.06232  -0.00055
  -0.05034   0.00016   0.10808   0.00043   0.00049
   0.00119   0.06232   0.00043   0.15759  -0.00022
  -0.00062  -0.00055   0.00049  -0.00022   0.09933
   occupation matrix (subspace #          41 , spin            1 )
   0.16586   0.00086   0.04961   0.00047   0.00042
   0.00086   0.15846   0.00083  -0.06315  -0.00035
   0.04961   0.00083   0.10809  -0.00097  -0.00011
   0.00047  -0.06315  -0.00097   0.15786  -0.00034
   0.00042  -0.00035  -0.00011  -0.00034   0.09960
   occupation matrix (subspace #          42 , spin            1 )
   0.16720   0.00000  -0.05108   0.00000  -0.00172
   0.00000   0.15542   0.00000   0.06118  -0.00000
  -0.05108   0.00000   0.10814   0.00000   0.00065
   0.00000   0.06118   0.00000   0.15840   0.00000
  -0.00172  -0.00000   0.00065   0.00000   0.10148
   occupation matrix (subspace #          43 , spin            1 )
   0.16393  -0.00000   0.05112   0.00000  -0.00058
  -0.00000   0.15853   0.00000  -0.06238   0.00000
   0.05112   0.00000   0.11265   0.00000  -0.00113
   0.00000  -0.06238   0.00000   0.15756   0.00000
  -0.00058   0.00000  -0.00113   0.00000   0.10102
   occupation matrix (subspace #          44 , spin            1 )
   0.16733  -0.00017  -0.05026  -0.00157   0.00073
  -0.00017   0.15887   0.00184   0.06210  -0.00134
  -0.05026   0.00184   0.11004  -0.00005  -0.00038
  -0.00157   0.06210  -0.00005   0.15512   0.00117
   0.00073  -0.00134  -0.00038   0.00117   0.10003
   occupation matrix (subspace #          45 , spin            1 )
   0.16489  -0.00054   0.05064  -0.00076  -0.00223
  -0.00054   0.15889  -0.00103  -0.06285   0.00064
   0.05064  -0.00103   0.10893   0.00054  -0.00016
  -0.00076  -0.06285   0.00054   0.15786   0.00005
  -0.00223   0.00064  -0.00016   0.00005   0.09967
   occupation matrix (subspace #          46 , spin            1 )
   0.16733   0.00017  -0.05026   0.00157   0.00073
   0.00017   0.15887  -0.00184   0.06210   0.00134
  -0.05026  -0.00184   0.11004   0.00005  -0.00038
   0.00157   0.06210   0.00005   0.15512  -0.00117
   0.00073   0.00134  -0.00038  -0.00117   0.10003
   occupation matrix (subspace #          47 , spin            1 )
   0.16489   0.00054   0.05064   0.00076  -0.00223
   0.00054   0.15889   0.00103  -0.06285  -0.00064
   0.05064   0.00103   0.10893  -0.00054  -0.00016
   0.00076  -0.06285  -0.00054   0.15786  -0.00005
  -0.00223  -0.00064  -0.00016  -0.00005   0.09967
   occupation matrix (subspace #          48 , spin            1 )
   0.16906   0.00000  -0.05117  -0.00000  -0.00062
   0.00000   0.15488  -0.00000   0.06060   0.00000
  -0.05117  -0.00000   0.10775  -0.00000   0.00037
  -0.00000   0.06060  -0.00000   0.15592   0.00000
  -0.00062   0.00000   0.00037   0.00000   0.10257
   occupation matrix (subspace #          49 , spin            1 )
   0.17794   0.00000   0.03412   0.00000  -0.00000
   0.00000   0.15040  -0.00000  -0.05819  -0.00000
   0.03412  -0.00000   0.12795  -0.00000  -0.00001
   0.00000  -0.05819  -0.00000   0.15042  -0.00000
  -0.00000  -0.00000  -0.00001  -0.00000   0.09686
   occupation matrix (subspace #          50 , spin            1 )
   0.16525  -0.00080  -0.05207   0.00080  -0.00000
  -0.00080   0.16009  -0.00178   0.06467  -0.00047
  -0.05207  -0.00178   0.10717   0.00179   0.00000
   0.00080   0.06467   0.00179   0.16008  -0.00046
  -0.00000  -0.00047   0.00000  -0.00046   0.09985
   occupation matrix (subspace #          51 , spin            1 )
   0.17389   0.00026   0.04222  -0.00026  -0.00000
   0.00026   0.15236  -0.00363  -0.05774   0.00161
   0.04222  -0.00363   0.12206   0.00363   0.00000
  -0.00026  -0.05774   0.00363   0.15238   0.00162
  -0.00000   0.00161   0.00000   0.00162   0.09959
   occupation matrix (subspace #          52 , spin            1 )
   0.16525   0.00080  -0.05207  -0.00080  -0.00000
   0.00080   0.16009   0.00178   0.06467   0.00047
  -0.05207   0.00178   0.10717  -0.00179   0.00000
  -0.00080   0.06467  -0.00179   0.16008   0.00046
  -0.00000   0.00047   0.00000   0.00046   0.09985
   occupation matrix (subspace #          53 , spin            1 )
   0.17389  -0.00026   0.04222   0.00026  -0.00000
  -0.00026   0.15236   0.00363  -0.05774  -0.00161
   0.04222   0.00363   0.12206  -0.00363   0.00000
   0.00026  -0.05774  -0.00363   0.15238  -0.00162
  -0.00000  -0.00161   0.00000  -0.00162   0.09959
   occupation matrix (subspace #          54 , spin            1 )
   0.17085  -0.00000  -0.05995   0.00000   0.00001
  -0.00000   0.16353   0.00000   0.04787  -0.00000
  -0.05995   0.00000   0.11029  -0.00000   0.00000
   0.00000   0.04787  -0.00000   0.16356   0.00000
   0.00001  -0.00000   0.00000   0.00000   0.13122
