   occupation matrix (subspace #           1 , spin            1 )
   0.16065   0.00047   0.05500  -0.00047   0.00000
   0.00047   0.15949  -0.00075  -0.06419  -0.00034
   0.05500  -0.00075   0.10570   0.00075   0.00000
  -0.00047  -0.06419   0.00075   0.15949  -0.00034
   0.00000  -0.00034   0.00000  -0.00034   0.09898
   occupation matrix (subspace #           2 , spin            1 )
   0.16003  -0.00000  -0.05519  -0.00000  -0.00000
  -0.00000   0.16001  -0.00000   0.06518   0.00000
  -0.05519  -0.00000   0.10640  -0.00000   0.00000
  -0.00000   0.06518  -0.00000   0.16001  -0.00000
  -0.00000   0.00000   0.00000  -0.00000   0.09874
   occupation matrix (subspace #           3 , spin            1 )
   0.16182   0.00000   0.05613  -0.00000   0.00000
   0.00000   0.15814  -0.00000  -0.06345   0.00000
   0.05613  -0.00000   0.10573   0.00000   0.00000
  -0.00000  -0.06345   0.00000   0.15814   0.00000
   0.00000   0.00000   0.00000   0.00000   0.09941
   occupation matrix (subspace #           4 , spin            1 )
   0.16276   0.00000  -0.05543   0.00000  -0.00000
   0.00000   0.15861   0.00000   0.06340   0.00000
  -0.05543   0.00000   0.10408   0.00000   0.00000
   0.00000   0.06340   0.00000   0.15861  -0.00000
  -0.00000   0.00000   0.00000  -0.00000   0.10007
   occupation matrix (subspace #           5 , spin            1 )
   0.16065  -0.00047   0.05500   0.00047   0.00000
  -0.00047   0.15949   0.00075  -0.06419   0.00034
   0.05500   0.00075   0.10570  -0.00075   0.00000
   0.00047  -0.06419  -0.00075   0.15949   0.00034
   0.00000   0.00034   0.00000   0.00034   0.09898
   occupation matrix (subspace #           6 , spin            1 )
   0.16276  -0.00000  -0.05543  -0.00000  -0.00000
  -0.00000   0.15861   0.00000   0.06340  -0.00000
  -0.05543   0.00000   0.10408   0.00000   0.00000
  -0.00000   0.06340   0.00000   0.15861   0.00000
  -0.00000  -0.00000   0.00000   0.00000   0.10007
   occupation matrix (subspace #           7 , spin            1 )
   0.16117   0.00019   0.05545  -0.00109   0.00014
   0.00019   0.15975  -0.00063  -0.06350  -0.00138
   0.05545  -0.00063   0.10478  -0.00037   0.00017
  -0.00109  -0.06350  -0.00037   0.15864  -0.00069
   0.00014  -0.00138   0.00017  -0.00069   0.10040
   occupation matrix (subspace #           8 , spin            1 )
   0.16019  -0.00000  -0.05598   0.00000   0.00105
  -0.00000   0.15787   0.00000   0.06247  -0.00000
  -0.05598   0.00000   0.10824  -0.00000   0.00019
   0.00000   0.06247  -0.00000   0.16161   0.00000
   0.00105  -0.00000   0.00019   0.00000   0.10184
   occupation matrix (subspace #           9 , spin            1 )
   0.16056  -0.00000   0.05617  -0.00000   0.00092
  -0.00000   0.16166   0.00000  -0.06222  -0.00000
   0.05617   0.00000   0.10713  -0.00000  -0.00024
  -0.00000  -0.06222  -0.00000   0.15768  -0.00000
   0.00092  -0.00000  -0.00024  -0.00000   0.10262
   occupation matrix (subspace #          10 , spin            1 )
   0.16142  -0.00090  -0.05535  -0.00016   0.00026
  -0.00090   0.15888   0.00013   0.06369  -0.00035
  -0.05535   0.00013   0.10494  -0.00065  -0.00024
  -0.00016   0.06369  -0.00065   0.15917   0.00095
   0.00026  -0.00035  -0.00024   0.00095   0.09985
   occupation matrix (subspace #          11 , spin            1 )
   0.16117  -0.00019   0.05545   0.00109   0.00014
  -0.00019   0.15975   0.00063  -0.06350   0.00138
   0.05545   0.00063   0.10478   0.00037   0.00017
   0.00109  -0.06350   0.00037   0.15864   0.00069
   0.00014   0.00138   0.00017   0.00069   0.10040
   occupation matrix (subspace #          12 , spin            1 )
   0.16142   0.00090  -0.05535   0.00016   0.00026
   0.00090   0.15888  -0.00013   0.06369   0.00035
  -0.05535  -0.00013   0.10494   0.00065  -0.00024
   0.00016   0.06369   0.00065   0.15917  -0.00095
   0.00026   0.00035  -0.00024  -0.00095   0.09985
   occupation matrix (subspace #          13 , spin            1 )
   0.15973   0.00044   0.05431   0.00044   0.00000
   0.00044   0.16066   0.00045  -0.06483   0.00019
   0.05431   0.00045   0.10582   0.00045   0.00000
   0.00044  -0.06483   0.00045   0.16066  -0.00019
   0.00000   0.00019   0.00000  -0.00019   0.09966
   occupation matrix (subspace #          14 , spin            1 )
   0.16019  -0.00000  -0.05598   0.00000   0.00105
  -0.00000   0.15787  -0.00000   0.06247  -0.00000
  -0.05598  -0.00000   0.10824  -0.00000   0.00019
   0.00000   0.06247  -0.00000   0.16161  -0.00000
   0.00105  -0.00000   0.00019  -0.00000   0.10184
   occupation matrix (subspace #          15 , spin            1 )
   0.16236   0.00000   0.05628   0.00000   0.00000
   0.00000   0.15853  -0.00000  -0.06196  -0.00000
   0.05628  -0.00000   0.10339   0.00000   0.00000
   0.00000  -0.06196   0.00000   0.15853  -0.00000
   0.00000  -0.00000   0.00000  -0.00000   0.10293
   occupation matrix (subspace #          16 , spin            1 )
   0.16142   0.00090  -0.05535   0.00016   0.00026
   0.00090   0.15888  -0.00013   0.06369   0.00035
  -0.05535  -0.00013   0.10494   0.00065  -0.00024
   0.00016   0.06369   0.00065   0.15917  -0.00095
   0.00026   0.00035  -0.00024  -0.00095   0.09985
   occupation matrix (subspace #          17 , spin            1 )
   0.15973  -0.00044   0.05431  -0.00044   0.00000
  -0.00044   0.16066  -0.00045  -0.06483  -0.00019
   0.05431  -0.00045   0.10582  -0.00045   0.00000
  -0.00044  -0.06483  -0.00045   0.16066   0.00019
   0.00000  -0.00019   0.00000   0.00019   0.09966
   occupation matrix (subspace #          18 , spin            1 )
   0.16142  -0.00090  -0.05535  -0.00016   0.00026
  -0.00090   0.15888   0.00013   0.06369  -0.00035
  -0.05535   0.00013   0.10494  -0.00065  -0.00024
  -0.00016   0.06369  -0.00065   0.15917   0.00095
   0.00026  -0.00035  -0.00024   0.00095   0.09985
   occupation matrix (subspace #          19 , spin            1 )
   0.16117   0.00109   0.05545  -0.00019  -0.00014
   0.00109   0.15864   0.00037  -0.06351  -0.00068
   0.05545   0.00037   0.10478   0.00063  -0.00017
  -0.00019  -0.06351   0.00063   0.15975  -0.00138
  -0.00014  -0.00068  -0.00017  -0.00138   0.10039
   occupation matrix (subspace #          20 , spin            1 )
   0.16019  -0.00000  -0.05598  -0.00000  -0.00106
  -0.00000   0.16161   0.00000   0.06247  -0.00000
  -0.05598   0.00000   0.10824   0.00000  -0.00019
  -0.00000   0.06247   0.00000   0.15788  -0.00000
  -0.00106  -0.00000  -0.00019  -0.00000   0.10184
   occupation matrix (subspace #          21 , spin            1 )
   0.16056   0.00000   0.05617  -0.00000  -0.00092
   0.00000   0.15768  -0.00000  -0.06223   0.00000
   0.05617  -0.00000   0.10713   0.00000   0.00025
  -0.00000  -0.06223   0.00000   0.16167   0.00000
  -0.00092   0.00000   0.00025   0.00000   0.10262
   occupation matrix (subspace #          22 , spin            1 )
   0.16142   0.00016  -0.05536   0.00090  -0.00026
   0.00016   0.15917   0.00065   0.06368   0.00095
  -0.05536   0.00065   0.10494  -0.00013   0.00024
   0.00090   0.06368  -0.00013   0.15888  -0.00035
  -0.00026   0.00095   0.00024  -0.00035   0.09985
   occupation matrix (subspace #          23 , spin            1 )
   0.16117  -0.00109   0.05545   0.00019  -0.00014
  -0.00109   0.15864  -0.00037  -0.06351   0.00068
   0.05545  -0.00037   0.10478  -0.00063  -0.00017
   0.00019  -0.06351  -0.00063   0.15975   0.00138
  -0.00014   0.00068  -0.00017   0.00138   0.10039
   occupation matrix (subspace #          24 , spin            1 )
   0.16142  -0.00016  -0.05536  -0.00090  -0.00026
  -0.00016   0.15917  -0.00065   0.06368  -0.00095
  -0.05536  -0.00065   0.10494   0.00013   0.00024
  -0.00090   0.06368   0.00013   0.15888   0.00035
  -0.00026  -0.00095   0.00024   0.00035   0.09985
   occupation matrix (subspace #          25 , spin            1 )
   0.16400   0.00000   0.05730  -0.00000   0.00000
   0.00000   0.15958   0.00000  -0.06033  -0.00000
   0.05730   0.00000   0.09817  -0.00000   0.00000
  -0.00000  -0.06033  -0.00000   0.15958  -0.00000
   0.00000  -0.00000   0.00000  -0.00000   0.10407
   occupation matrix (subspace #          26 , spin            1 )
   0.16298  -0.00000  -0.05665   0.00000  -0.00000
  -0.00000   0.15756   0.00000   0.06234  -0.00000
  -0.05665   0.00000   0.10316  -0.00000   0.00000
   0.00000   0.06234  -0.00000   0.15756   0.00000
  -0.00000  -0.00000   0.00000   0.00000   0.10273
   occupation matrix (subspace #          27 , spin            1 )
   1.16352  -0.00000  -0.50810   0.00000  -0.00002
  -0.00000   1.42183   0.00000   0.54416  -0.00000
  -0.50810   0.00000   1.62638  -0.00000  -0.00001
   0.00000   0.54416  -0.00000   1.42179   0.00000
  -0.00002  -0.00000  -0.00001   0.00000   1.94953
   occupation matrix (subspace #          28 , spin            1 )
   0.16072   0.00043  -0.05508  -0.00043  -0.00000
   0.00043   0.15975  -0.00056   0.06435  -0.00032
  -0.05508  -0.00056   0.10592   0.00057   0.00000
  -0.00043   0.06435   0.00057   0.15976  -0.00032
  -0.00000  -0.00032   0.00000  -0.00032   0.10246
   occupation matrix (subspace #          29 , spin            1 )
   0.16400  -0.00000   0.05730  -0.00000   0.00000
  -0.00000   0.15958   0.00000  -0.06033  -0.00000
   0.05730   0.00000   0.09817  -0.00000   0.00000
  -0.00000  -0.06033  -0.00000   0.15958  -0.00000
   0.00000  -0.00000   0.00000  -0.00000   0.10407
   occupation matrix (subspace #          30 , spin            1 )
   0.16072  -0.00043  -0.05508   0.00043  -0.00000
  -0.00043   0.15975   0.00056   0.06435   0.00032
  -0.05508   0.00056   0.10592  -0.00057   0.00000
   0.00043   0.06435  -0.00057   0.15976   0.00032
  -0.00000   0.00032   0.00000   0.00032   0.10246
   occupation matrix (subspace #          31 , spin            1 )
   0.16117  -0.00109   0.05545   0.00019  -0.00014
  -0.00109   0.15864  -0.00037  -0.06351   0.00068
   0.05545  -0.00037   0.10478  -0.00063  -0.00017
   0.00019  -0.06351  -0.00063   0.15975   0.00138
  -0.00014   0.00068  -0.00017   0.00138   0.10039
   occupation matrix (subspace #          32 , spin            1 )
   0.16146  -0.00000  -0.05562  -0.00000  -0.00000
  -0.00000   0.15873  -0.00000   0.06354  -0.00000
  -0.05562  -0.00000   0.10582  -0.00000   0.00000
  -0.00000   0.06354  -0.00000   0.15873   0.00000
  -0.00000  -0.00000   0.00000   0.00000   0.09954
   occupation matrix (subspace #          33 , spin            1 )
   0.16056   0.00000   0.05617   0.00000  -0.00092
   0.00000   0.15768   0.00000  -0.06223  -0.00000
   0.05617   0.00000   0.10713  -0.00000   0.00025
   0.00000  -0.06223  -0.00000   0.16167  -0.00000
  -0.00092  -0.00000   0.00025  -0.00000   0.10262
   occupation matrix (subspace #          34 , spin            1 )
   0.16035   0.00149  -0.05473   0.00149  -0.00000
   0.00149   0.16058   0.00389   0.06180   0.00137
  -0.05473   0.00389   0.10482   0.00389   0.00000
   0.00149   0.06180   0.00389   0.16059  -0.00137
  -0.00000   0.00137   0.00000  -0.00137   0.09977
   occupation matrix (subspace #          35 , spin            1 )
   0.16117   0.00109   0.05545  -0.00019  -0.00014
   0.00109   0.15864   0.00037  -0.06351  -0.00068
   0.05545   0.00037   0.10478   0.00063  -0.00017
  -0.00019  -0.06351   0.00063   0.15975  -0.00138
  -0.00014  -0.00068  -0.00017  -0.00138   0.10039
   occupation matrix (subspace #          36 , spin            1 )
   0.16035  -0.00149  -0.05473  -0.00149  -0.00000
  -0.00149   0.16058  -0.00389   0.06180  -0.00137
  -0.05473  -0.00389   0.10482  -0.00389   0.00000
  -0.00149   0.06180  -0.00389   0.16059   0.00137
  -0.00000  -0.00137   0.00000   0.00137   0.09977
   occupation matrix (subspace #          37 , spin            1 )
   0.15973  -0.00044   0.05431  -0.00044   0.00000
  -0.00044   0.16066  -0.00045  -0.06483  -0.00019
   0.05431  -0.00045   0.10582  -0.00045   0.00000
  -0.00044  -0.06483  -0.00045   0.16066   0.00019
   0.00000  -0.00019   0.00000   0.00019   0.09966
   occupation matrix (subspace #          38 , spin            1 )
   0.16019  -0.00000  -0.05598   0.00000  -0.00106
  -0.00000   0.16161   0.00000   0.06247   0.00000
  -0.05598   0.00000   0.10824  -0.00000  -0.00019
   0.00000   0.06247  -0.00000   0.15788  -0.00000
  -0.00106   0.00000  -0.00019  -0.00000   0.10184
   occupation matrix (subspace #          39 , spin            1 )
   0.16236   0.00000   0.05628   0.00000   0.00000
   0.00000   0.15853   0.00000  -0.06196  -0.00000
   0.05628   0.00000   0.10339  -0.00000   0.00000
   0.00000  -0.06196  -0.00000   0.15853  -0.00000
   0.00000  -0.00000   0.00000  -0.00000   0.10292
   occupation matrix (subspace #          40 , spin            1 )
   0.16142  -0.00016  -0.05536  -0.00090  -0.00026
  -0.00016   0.15917  -0.00065   0.06368  -0.00095
  -0.05536  -0.00065   0.10494   0.00013   0.00024
  -0.00090   0.06368   0.00013   0.15888   0.00035
  -0.00026  -0.00095   0.00024   0.00035   0.09985
   occupation matrix (subspace #          41 , spin            1 )
   0.15973   0.00044   0.05431   0.00044   0.00000
   0.00044   0.16066   0.00045  -0.06483   0.00019
   0.05431   0.00045   0.10582   0.00045   0.00000
   0.00044  -0.06483   0.00045   0.16066  -0.00019
   0.00000   0.00019   0.00000  -0.00019   0.09966
   occupation matrix (subspace #          42 , spin            1 )
   0.16142   0.00016  -0.05536   0.00090  -0.00026
   0.00016   0.15917   0.00065   0.06368   0.00095
  -0.05536   0.00065   0.10494  -0.00013   0.00024
   0.00090   0.06368  -0.00013   0.15888  -0.00035
  -0.00026   0.00095   0.00024  -0.00035   0.09985
   occupation matrix (subspace #          43 , spin            1 )
   0.16117  -0.00019   0.05545   0.00109   0.00014
  -0.00019   0.15975   0.00063  -0.06350   0.00138
   0.05545   0.00063   0.10478   0.00037   0.00017
   0.00109  -0.06350   0.00037   0.15864   0.00068
   0.00014   0.00138   0.00017   0.00068   0.10040
   occupation matrix (subspace #          44 , spin            1 )
   0.16146  -0.00000  -0.05562  -0.00000  -0.00000
  -0.00000   0.15873  -0.00000   0.06354  -0.00000
  -0.05562  -0.00000   0.10582  -0.00000   0.00000
  -0.00000   0.06354  -0.00000   0.15873   0.00000
  -0.00000  -0.00000   0.00000   0.00000   0.09954
   occupation matrix (subspace #          45 , spin            1 )
   0.16056   0.00000   0.05617  -0.00000   0.00092
   0.00000   0.16166  -0.00000  -0.06222   0.00000
   0.05617  -0.00000   0.10713   0.00000  -0.00024
  -0.00000  -0.06222   0.00000   0.15768   0.00000
   0.00092   0.00000  -0.00024   0.00000   0.10262
   occupation matrix (subspace #          46 , spin            1 )
   0.16035  -0.00149  -0.05473  -0.00149  -0.00000
  -0.00149   0.16058  -0.00389   0.06180  -0.00137
  -0.05473  -0.00389   0.10482  -0.00389   0.00000
  -0.00149   0.06180  -0.00389   0.16059   0.00137
  -0.00000  -0.00137   0.00000   0.00137   0.09977
   occupation matrix (subspace #          47 , spin            1 )
   0.16117   0.00019   0.05545  -0.00109   0.00014
   0.00019   0.15975  -0.00063  -0.06350  -0.00138
   0.05545  -0.00063   0.10478  -0.00037   0.00017
  -0.00109  -0.06350  -0.00037   0.15864  -0.00069
   0.00014  -0.00138   0.00017  -0.00069   0.10040
   occupation matrix (subspace #          48 , spin            1 )
   0.16035   0.00149  -0.05473   0.00149  -0.00000
   0.00149   0.16058   0.00389   0.06180   0.00137
  -0.05473   0.00389   0.10482   0.00389   0.00000
   0.00149   0.06180   0.00389   0.16059  -0.00137
  -0.00000   0.00137   0.00000  -0.00137   0.09977
   occupation matrix (subspace #          49 , spin            1 )
   0.16065  -0.00047   0.05500   0.00047   0.00000
  -0.00047   0.15949   0.00075  -0.06419   0.00034
   0.05500   0.00075   0.10570  -0.00075   0.00000
   0.00047  -0.06419  -0.00075   0.15949   0.00034
   0.00000   0.00034   0.00000   0.00034   0.09898
   occupation matrix (subspace #          50 , spin            1 )
   0.16298  -0.00000  -0.05665   0.00000  -0.00000
  -0.00000   0.15756   0.00000   0.06234   0.00000
  -0.05665   0.00000   0.10316  -0.00000   0.00000
   0.00000   0.06234  -0.00000   0.15756   0.00000
  -0.00000   0.00000   0.00000   0.00000   0.10273
   occupation matrix (subspace #          51 , spin            1 )
   0.16182   0.00000   0.05613  -0.00000   0.00000
   0.00000   0.15814  -0.00000  -0.06345   0.00000
   0.05613  -0.00000   0.10573   0.00000   0.00000
  -0.00000  -0.06345   0.00000   0.15814   0.00000
   0.00000   0.00000   0.00000   0.00000   0.09941
   occupation matrix (subspace #          52 , spin            1 )
   0.16072  -0.00043  -0.05508   0.00043  -0.00000
  -0.00043   0.15975   0.00056   0.06435   0.00032
  -0.05508   0.00056   0.10592  -0.00057   0.00000
   0.00043   0.06435  -0.00057   0.15976   0.00032
  -0.00000   0.00032   0.00000   0.00032   0.10246
   occupation matrix (subspace #          53 , spin            1 )
   0.16065   0.00047   0.05500  -0.00047   0.00000
   0.00047   0.15949  -0.00075  -0.06419  -0.00034
   0.05500  -0.00075   0.10570   0.00075   0.00000
  -0.00047  -0.06419   0.00075   0.15949  -0.00034
   0.00000  -0.00034   0.00000  -0.00034   0.09898
   occupation matrix (subspace #          54 , spin            1 )
   0.16072   0.00043  -0.05508  -0.00043  -0.00000
   0.00043   0.15975  -0.00056   0.06435  -0.00032
  -0.05508  -0.00056   0.10592   0.00057   0.00000
  -0.00043   0.06435   0.00057   0.15976  -0.00032
  -0.00000  -0.00032   0.00000  -0.00032   0.10246
