   occupation matrix (subspace #           1 , spin            1 )
   0.16162   0.00025   0.05618  -0.00025   0.00000
   0.00025   0.15848  -0.00020  -0.06367  -0.00047
   0.05618  -0.00020   0.10480   0.00020   0.00000
  -0.00025  -0.06367   0.00020   0.15849  -0.00047
   0.00000  -0.00047   0.00000  -0.00047   0.09992
   occupation matrix (subspace #           2 , spin            1 )
   0.15846   0.00000  -0.05375  -0.00000  -0.00000
   0.00000   0.16117  -0.00000   0.06587   0.00000
  -0.05375  -0.00000   0.10613  -0.00000   0.00000
  -0.00000   0.06587  -0.00000   0.16117   0.00000
  -0.00000   0.00000   0.00000   0.00000   0.09792
   occupation matrix (subspace #           3 , spin            1 )
   0.16231   0.00000   0.05704   0.00000   0.00000
   0.00000   0.15742  -0.00000  -0.06302   0.00000
   0.05704  -0.00000   0.10590   0.00000   0.00000
   0.00000  -0.06302   0.00000   0.15742   0.00000
   0.00000   0.00000   0.00000   0.00000   0.10020
   occupation matrix (subspace #           4 , spin            1 )
   0.16026   0.00000  -0.05423  -0.00000  -0.00000
   0.00000   0.15979   0.00000   0.06466  -0.00000
  -0.05423   0.00000   0.10534  -0.00000   0.00000
  -0.00000   0.06466  -0.00000   0.15979  -0.00000
  -0.00000  -0.00000   0.00000  -0.00000   0.09845
   occupation matrix (subspace #           5 , spin            1 )
   0.16162  -0.00025   0.05618   0.00025   0.00000
  -0.00025   0.15848   0.00020  -0.06367   0.00047
   0.05618   0.00020   0.10480  -0.00020   0.00000
   0.00025  -0.06367  -0.00020   0.15849   0.00047
   0.00000   0.00047   0.00000   0.00047   0.09992
   occupation matrix (subspace #           6 , spin            1 )
   0.16026  -0.00000  -0.05423   0.00000  -0.00000
  -0.00000   0.15979   0.00000   0.06466   0.00000
  -0.05423   0.00000   0.10534   0.00000   0.00000
   0.00000   0.06466   0.00000   0.15979   0.00000
  -0.00000   0.00000   0.00000   0.00000   0.09845
   occupation matrix (subspace #           7 , spin            1 )
   0.16072   0.00048   0.05498  -0.00099   0.00010
   0.00048   0.16065  -0.00049  -0.06382  -0.00163
   0.05498  -0.00049   0.10495  -0.00009  -0.00005
  -0.00099  -0.06382  -0.00009   0.15850  -0.00049
   0.00010  -0.00163  -0.00005  -0.00049   0.09988
   occupation matrix (subspace #           8 , spin            1 )
   0.16058  -0.00000  -0.05629   0.00000   0.00054
  -0.00000   0.15732  -0.00000   0.06228   0.00000
  -0.05629  -0.00000   0.10788  -0.00000   0.00044
   0.00000   0.06228  -0.00000   0.16156   0.00000
   0.00054   0.00000   0.00044   0.00000   0.10214
   occupation matrix (subspace #           9 , spin            1 )
   0.15995   0.00000   0.05555  -0.00000   0.00085
   0.00000   0.16270  -0.00000  -0.06265  -0.00000
   0.05555  -0.00000   0.10782   0.00000  -0.00044
  -0.00000  -0.06265   0.00000   0.15749   0.00000
   0.00085  -0.00000  -0.00044   0.00000   0.10186
   occupation matrix (subspace #          10 , spin            1 )
   0.16174  -0.00082  -0.05582  -0.00016  -0.00020
  -0.00082   0.15815   0.00014   0.06342  -0.00020
  -0.05582   0.00014   0.10474  -0.00070   0.00004
  -0.00016   0.06342  -0.00070   0.15921   0.00092
  -0.00020  -0.00020   0.00004   0.00092   0.10051
   occupation matrix (subspace #          11 , spin            1 )
   0.16072  -0.00048   0.05498   0.00099   0.00010
  -0.00048   0.16065   0.00049  -0.06382   0.00163
   0.05498   0.00049   0.10495   0.00009  -0.00005
   0.00099  -0.06382   0.00009   0.15850   0.00049
   0.00010   0.00163  -0.00005   0.00049   0.09988
   occupation matrix (subspace #          12 , spin            1 )
   0.16174   0.00082  -0.05582   0.00016  -0.00020
   0.00082   0.15815  -0.00014   0.06342   0.00020
  -0.05582  -0.00014   0.10474   0.00070   0.00004
   0.00016   0.06342   0.00070   0.15921  -0.00092
  -0.00020   0.00020   0.00004  -0.00092   0.10051
   occupation matrix (subspace #          13 , spin            1 )
   0.16206  -0.00019   0.05555  -0.00019   0.00000
  -0.00019   0.15944   0.00013  -0.06409   0.00036
   0.05555   0.00013   0.10600   0.00013   0.00000
  -0.00019  -0.06409   0.00013   0.15945  -0.00036
   0.00000   0.00036   0.00000  -0.00036   0.09977
   occupation matrix (subspace #          14 , spin            1 )
   0.16058   0.00000  -0.05629  -0.00000   0.00054
   0.00000   0.15732  -0.00000   0.06228   0.00000
  -0.05629  -0.00000   0.10789  -0.00000   0.00044
  -0.00000   0.06228  -0.00000   0.16156  -0.00000
   0.00054   0.00000   0.00044  -0.00000   0.10214
   occupation matrix (subspace #          15 , spin            1 )
   0.16631  -0.00000   0.05864   0.00000   0.00000
  -0.00000   0.15585   0.00000  -0.06242  -0.00000
   0.05864   0.00000   0.10352  -0.00000   0.00000
   0.00000  -0.06242  -0.00000   0.15586  -0.00000
   0.00000  -0.00000   0.00000  -0.00000   0.10010
   occupation matrix (subspace #          16 , spin            1 )
   0.16174   0.00082  -0.05582   0.00016  -0.00020
   0.00082   0.15815  -0.00014   0.06342   0.00020
  -0.05582  -0.00014   0.10474   0.00070   0.00004
   0.00016   0.06342   0.00070   0.15921  -0.00092
  -0.00020   0.00020   0.00004  -0.00092   0.10051
   occupation matrix (subspace #          17 , spin            1 )
   0.16206   0.00019   0.05555   0.00019   0.00000
   0.00019   0.15944  -0.00013  -0.06409  -0.00036
   0.05555  -0.00013   0.10600  -0.00013   0.00000
   0.00019  -0.06409  -0.00013   0.15945   0.00036
   0.00000  -0.00036   0.00000   0.00036   0.09977
   occupation matrix (subspace #          18 , spin            1 )
   0.16174  -0.00082  -0.05582  -0.00016  -0.00020
  -0.00082   0.15815   0.00014   0.06342  -0.00020
  -0.05582   0.00014   0.10474  -0.00070   0.00004
  -0.00016   0.06342  -0.00070   0.15921   0.00092
  -0.00020  -0.00020   0.00004   0.00092   0.10051
   occupation matrix (subspace #          19 , spin            1 )
   0.16072   0.00099   0.05498  -0.00048  -0.00010
   0.00099   0.15850   0.00009  -0.06382  -0.00049
   0.05498   0.00009   0.10495   0.00049   0.00005
  -0.00048  -0.06382   0.00049   0.16065  -0.00163
  -0.00010  -0.00049   0.00005  -0.00163   0.09988
   occupation matrix (subspace #          20 , spin            1 )
   0.16059  -0.00000  -0.05630  -0.00000  -0.00055
  -0.00000   0.16155  -0.00000   0.06228  -0.00000
  -0.05630  -0.00000   0.10788  -0.00000  -0.00044
  -0.00000   0.06228  -0.00000   0.15732  -0.00000
  -0.00055  -0.00000  -0.00044  -0.00000   0.10215
   occupation matrix (subspace #          21 , spin            1 )
   0.15995  -0.00000   0.05555   0.00000  -0.00085
  -0.00000   0.15749   0.00000  -0.06266  -0.00000
   0.05555   0.00000   0.10782  -0.00000   0.00044
   0.00000  -0.06266  -0.00000   0.16270   0.00000
  -0.00085  -0.00000   0.00044   0.00000   0.10186
   occupation matrix (subspace #          22 , spin            1 )
   0.16174   0.00016  -0.05582   0.00082   0.00019
   0.00016   0.15920   0.00070   0.06342   0.00092
  -0.05582   0.00070   0.10474  -0.00014  -0.00004
   0.00082   0.06342  -0.00014   0.15815  -0.00020
   0.00019   0.00092  -0.00004  -0.00020   0.10051
   occupation matrix (subspace #          23 , spin            1 )
   0.16072  -0.00099   0.05498   0.00048  -0.00010
  -0.00099   0.15850  -0.00009  -0.06382   0.00049
   0.05498  -0.00009   0.10495  -0.00048   0.00005
   0.00048  -0.06382  -0.00048   0.16065   0.00163
  -0.00010   0.00049   0.00005   0.00163   0.09988
   occupation matrix (subspace #          24 , spin            1 )
   0.16174  -0.00016  -0.05582  -0.00082   0.00019
  -0.00016   0.15920  -0.00070   0.06342  -0.00092
  -0.05582  -0.00070   0.10474   0.00014  -0.00004
  -0.00082   0.06342   0.00014   0.15815   0.00020
   0.00019  -0.00092  -0.00004   0.00020   0.10051
   occupation matrix (subspace #          25 , spin            1 )
   0.16565   0.00000   0.05213  -0.00000   0.00000
   0.00000   0.15809   0.00000  -0.06005  -0.00000
   0.05213   0.00000   0.10395  -0.00000   0.00000
  -0.00000  -0.06005  -0.00000   0.15809  -0.00000
   0.00000  -0.00000   0.00000  -0.00000   0.10188
   occupation matrix (subspace #          26 , spin            1 )
   0.16134  -0.00000  -0.05479  -0.00000  -0.00000
  -0.00000   0.15858   0.00000   0.06374  -0.00000
  -0.05479   0.00000   0.10321  -0.00000   0.00000
  -0.00000   0.06374  -0.00000   0.15858   0.00000
  -0.00000  -0.00000   0.00000   0.00000   0.10011
   occupation matrix (subspace #          27 , spin            1 )
   1.58326  -0.00000  -0.23180  -0.00000  -0.00001
  -0.00000   1.49227  -0.00000   0.48624   0.00000
  -0.23180  -0.00000   1.80928   0.00000  -0.00001
  -0.00000   0.48624   0.00000   1.49224  -0.00000
  -0.00001   0.00000  -0.00001  -0.00000   1.96056
   occupation matrix (subspace #          28 , spin            1 )
   0.16054  -0.00017  -0.05503   0.00017  -0.00000
  -0.00017   0.16033  -0.00052   0.06356  -0.00078
  -0.05503  -0.00052   0.10560   0.00052   0.00000
   0.00017   0.06356   0.00052   0.16034  -0.00078
  -0.00000  -0.00078   0.00000  -0.00078   0.10292
   occupation matrix (subspace #          29 , spin            1 )
   0.16565  -0.00000   0.05213   0.00000   0.00000
  -0.00000   0.15809  -0.00000  -0.06005   0.00000
   0.05213  -0.00000   0.10395   0.00000   0.00000
   0.00000  -0.06005   0.00000   0.15809   0.00000
   0.00000   0.00000   0.00000   0.00000   0.10188
   occupation matrix (subspace #          30 , spin            1 )
   0.16054   0.00017  -0.05503  -0.00017  -0.00000
   0.00017   0.16033   0.00052   0.06356   0.00078
  -0.05503   0.00052   0.10560  -0.00052   0.00000
  -0.00017   0.06356  -0.00052   0.16034   0.00078
  -0.00000   0.00078   0.00000   0.00078   0.10292
   occupation matrix (subspace #          31 , spin            1 )
   0.16072  -0.00099   0.05498   0.00048  -0.00010
  -0.00099   0.15850  -0.00009  -0.06382   0.00049
   0.05498  -0.00009   0.10495  -0.00049   0.00005
   0.00048  -0.06382  -0.00049   0.16065   0.00163
  -0.00010   0.00049   0.00005   0.00163   0.09988
   occupation matrix (subspace #          32 , spin            1 )
   0.16151   0.00000  -0.05496   0.00000  -0.00000
   0.00000   0.15882  -0.00000   0.06364   0.00000
  -0.05496  -0.00000   0.10620  -0.00000   0.00000
   0.00000   0.06364  -0.00000   0.15882  -0.00000
  -0.00000   0.00000   0.00000  -0.00000   0.09909
   occupation matrix (subspace #          33 , spin            1 )
   0.15995   0.00000   0.05555   0.00000  -0.00085
   0.00000   0.15749   0.00000  -0.06266  -0.00000
   0.05555   0.00000   0.10782   0.00000   0.00044
   0.00000  -0.06266   0.00000   0.16270  -0.00000
  -0.00085  -0.00000   0.00044  -0.00000   0.10186
   occupation matrix (subspace #          34 , spin            1 )
   0.15998  -0.00136  -0.04938  -0.00136  -0.00000
  -0.00136   0.15895  -0.00735   0.06301   0.00303
  -0.04938  -0.00735   0.11586  -0.00735   0.00000
  -0.00136   0.06301  -0.00735   0.15895  -0.00303
  -0.00000   0.00303   0.00000  -0.00303   0.09695
   occupation matrix (subspace #          35 , spin            1 )
   0.16072   0.00099   0.05498  -0.00048  -0.00010
   0.00099   0.15850   0.00009  -0.06382  -0.00049
   0.05498   0.00009   0.10495   0.00049   0.00005
  -0.00048  -0.06382   0.00049   0.16065  -0.00163
  -0.00010  -0.00049   0.00005  -0.00163   0.09988
   occupation matrix (subspace #          36 , spin            1 )
   0.15998   0.00136  -0.04938   0.00136  -0.00000
   0.00136   0.15895   0.00735   0.06301  -0.00303
  -0.04938   0.00735   0.11586   0.00735   0.00000
   0.00136   0.06301   0.00735   0.15895   0.00303
  -0.00000  -0.00303   0.00000   0.00303   0.09695
   occupation matrix (subspace #          37 , spin            1 )
   0.16206   0.00019   0.05555   0.00019   0.00000
   0.00019   0.15944  -0.00013  -0.06409  -0.00036
   0.05555  -0.00013   0.10600  -0.00013   0.00000
   0.00019  -0.06409  -0.00013   0.15945   0.00036
   0.00000  -0.00036   0.00000   0.00036   0.09977
   occupation matrix (subspace #          38 , spin            1 )
   0.16059  -0.00000  -0.05629   0.00000  -0.00055
  -0.00000   0.16155  -0.00000   0.06228   0.00000
  -0.05629  -0.00000   0.10788  -0.00000  -0.00044
   0.00000   0.06228  -0.00000   0.15732   0.00000
  -0.00055   0.00000  -0.00044   0.00000   0.10214
   occupation matrix (subspace #          39 , spin            1 )
   0.16631   0.00000   0.05864  -0.00000   0.00000
   0.00000   0.15585   0.00000  -0.06242   0.00000
   0.05864   0.00000   0.10352   0.00000   0.00000
  -0.00000  -0.06242   0.00000   0.15586   0.00000
   0.00000   0.00000   0.00000   0.00000   0.10010
   occupation matrix (subspace #          40 , spin            1 )
   0.16174  -0.00016  -0.05583  -0.00082   0.00019
  -0.00016   0.15920  -0.00070   0.06342  -0.00092
  -0.05583  -0.00070   0.10474   0.00014  -0.00004
  -0.00082   0.06342   0.00014   0.15815   0.00020
   0.00019  -0.00092  -0.00004   0.00020   0.10051
   occupation matrix (subspace #          41 , spin            1 )
   0.16206  -0.00019   0.05555  -0.00019   0.00000
  -0.00019   0.15944   0.00013  -0.06409   0.00036
   0.05555   0.00013   0.10600   0.00013   0.00000
  -0.00019  -0.06409   0.00013   0.15945  -0.00036
   0.00000   0.00036   0.00000  -0.00036   0.09977
   occupation matrix (subspace #          42 , spin            1 )
   0.16174   0.00016  -0.05583   0.00082   0.00019
   0.00016   0.15920   0.00070   0.06342   0.00092
  -0.05583   0.00070   0.10474  -0.00014  -0.00004
   0.00082   0.06342  -0.00014   0.15815  -0.00020
   0.00019   0.00092  -0.00004  -0.00020   0.10051
   occupation matrix (subspace #          43 , spin            1 )
   0.16072  -0.00048   0.05498   0.00099   0.00010
  -0.00048   0.16065   0.00049  -0.06382   0.00163
   0.05498   0.00049   0.10495   0.00009  -0.00005
   0.00099  -0.06382   0.00009   0.15850   0.00049
   0.00010   0.00163  -0.00005   0.00049   0.09988
   occupation matrix (subspace #          44 , spin            1 )
   0.16151  -0.00000  -0.05496  -0.00000  -0.00000
  -0.00000   0.15882   0.00000   0.06364  -0.00000
  -0.05496   0.00000   0.10620   0.00000   0.00000
  -0.00000   0.06364   0.00000   0.15882   0.00000
  -0.00000  -0.00000   0.00000   0.00000   0.09909
   occupation matrix (subspace #          45 , spin            1 )
   0.15995   0.00000   0.05555   0.00000   0.00085
   0.00000   0.16270   0.00000  -0.06265   0.00000
   0.05555   0.00000   0.10782  -0.00000  -0.00044
   0.00000  -0.06265  -0.00000   0.15749   0.00000
   0.00085   0.00000  -0.00044   0.00000   0.10186
   occupation matrix (subspace #          46 , spin            1 )
   0.15998   0.00136  -0.04938   0.00136  -0.00000
   0.00136   0.15895   0.00735   0.06301  -0.00303
  -0.04938   0.00735   0.11586   0.00735   0.00000
   0.00136   0.06301   0.00735   0.15895   0.00303
  -0.00000  -0.00303   0.00000   0.00303   0.09695
   occupation matrix (subspace #          47 , spin            1 )
   0.16072   0.00048   0.05498  -0.00099   0.00010
   0.00048   0.16065  -0.00049  -0.06382  -0.00163
   0.05498  -0.00049   0.10495  -0.00009  -0.00005
  -0.00099  -0.06382  -0.00009   0.15850  -0.00049
   0.00010  -0.00163  -0.00005  -0.00049   0.09988
   occupation matrix (subspace #          48 , spin            1 )
   0.15998  -0.00136  -0.04938  -0.00136  -0.00000
  -0.00136   0.15895  -0.00735   0.06301   0.00303
  -0.04938  -0.00735   0.11586  -0.00735   0.00000
  -0.00136   0.06301  -0.00735   0.15895  -0.00303
  -0.00000   0.00303   0.00000  -0.00303   0.09695
   occupation matrix (subspace #          49 , spin            1 )
   0.16162  -0.00025   0.05618   0.00025   0.00000
  -0.00025   0.15848   0.00020  -0.06367   0.00047
   0.05618   0.00020   0.10480  -0.00020   0.00000
   0.00025  -0.06367  -0.00020   0.15849   0.00047
   0.00000   0.00047   0.00000   0.00047   0.09992
   occupation matrix (subspace #          50 , spin            1 )
   0.16134  -0.00000  -0.05479  -0.00000  -0.00000
  -0.00000   0.15858  -0.00000   0.06374   0.00000
  -0.05479  -0.00000   0.10321  -0.00000   0.00000
  -0.00000   0.06374  -0.00000   0.15858  -0.00000
  -0.00000   0.00000   0.00000  -0.00000   0.10011
   occupation matrix (subspace #          51 , spin            1 )
   0.16231   0.00000   0.05704   0.00000   0.00000
   0.00000   0.15742   0.00000  -0.06302  -0.00000
   0.05704   0.00000   0.10590  -0.00000   0.00000
   0.00000  -0.06302  -0.00000   0.15742  -0.00000
   0.00000  -0.00000   0.00000  -0.00000   0.10020
   occupation matrix (subspace #          52 , spin            1 )
   0.16054   0.00017  -0.05503  -0.00017  -0.00000
   0.00017   0.16033   0.00052   0.06356   0.00078
  -0.05503   0.00052   0.10560  -0.00052   0.00000
  -0.00017   0.06356  -0.00052   0.16034   0.00078
  -0.00000   0.00078   0.00000   0.00078   0.10292
   occupation matrix (subspace #          53 , spin            1 )
   0.16162   0.00025   0.05618  -0.00025   0.00000
   0.00025   0.15848  -0.00020  -0.06367  -0.00047
   0.05618  -0.00020   0.10480   0.00020   0.00000
  -0.00025  -0.06367   0.00020   0.15849  -0.00047
   0.00000  -0.00047   0.00000  -0.00047   0.09992
   occupation matrix (subspace #          54 , spin            1 )
   0.16054  -0.00017  -0.05503   0.00017  -0.00000
  -0.00017   0.16033  -0.00052   0.06356  -0.00078
  -0.05503  -0.00052   0.10560   0.00052   0.00000
   0.00017   0.06356   0.00052   0.16034  -0.00078
  -0.00000  -0.00078   0.00000  -0.00078   0.10292
