   occupation matrix (subspace #           1 , spin            1 )
   0.10850  -0.00003   0.00004   0.00019   0.00020
  -0.00003   0.09093   0.00039  -0.00002   0.00051
   0.00004   0.00039   0.20781   0.00018  -0.00118
   0.00019  -0.00002   0.00018   0.08902   0.00011
   0.00020   0.00051  -0.00118   0.00011   0.19648
   occupation matrix (subspace #           2 , spin            1 )
   0.10694  -0.00007   0.00001  -0.00001  -0.00002
  -0.00007   0.08971  -0.00007  -0.00000  -0.00000
   0.00001  -0.00007   0.20804  -0.00011   0.00062
  -0.00001  -0.00000  -0.00011   0.09056   0.00016
  -0.00002  -0.00000   0.00062   0.00016   0.19682
   occupation matrix (subspace #           3 , spin            1 )
   0.10609  -0.00001   0.00000  -0.00000  -0.00000
  -0.00001   0.09027  -0.00000   0.00000  -0.00000
   0.00000  -0.00000   0.20813  -0.00004  -0.00001
  -0.00000   0.00000  -0.00004   0.09019   0.00004
  -0.00000  -0.00000  -0.00001   0.00004   0.19706
   occupation matrix (subspace #           4 , spin            1 )
   0.10629   0.00001   0.00000  -0.00000  -0.00000
   0.00001   0.09046  -0.00000  -0.00000  -0.00000
   0.00000  -0.00000   0.20810   0.00002  -0.00027
  -0.00000  -0.00000   0.00002   0.08995  -0.00001
  -0.00000  -0.00000  -0.00027  -0.00001   0.19700
   occupation matrix (subspace #           5 , spin            1 )
   0.11271   0.00096   0.00052  -0.00001   0.00007
   0.00096   0.09041   0.00001  -0.00012   0.00046
   0.00052   0.00001   0.20592   0.00089  -0.00045
  -0.00001  -0.00012   0.00089   0.08899  -0.00119
   0.00007   0.00046  -0.00045  -0.00119   0.19619
   occupation matrix (subspace #           6 , spin            1 )
   0.12443   0.00168   0.00027   0.00168  -0.00000
   0.00168   0.08841  -0.00012   0.00018  -0.00039
   0.00027  -0.00012   0.20439  -0.00012   0.00000
   0.00168   0.00018  -0.00012   0.08841   0.00039
  -0.00000  -0.00039   0.00000   0.00039   0.19317
   occupation matrix (subspace #           7 , spin            1 )
   0.11076  -0.00059   0.00000   0.00000   0.00000
  -0.00059   0.08935   0.00000  -0.00000   0.00000
   0.00000   0.00000   0.20717  -0.00121   0.00089
   0.00000  -0.00000  -0.00121   0.09046   0.00194
   0.00000   0.00000   0.00089   0.00194   0.19611
   occupation matrix (subspace #           8 , spin            1 )
   0.11502   0.00014   0.00000  -0.00000   0.00000
   0.00014   0.08877  -0.00000   0.00000  -0.00000
   0.00000  -0.00000   0.20605   0.00008  -0.00024
  -0.00000   0.00000   0.00008   0.08988  -0.00031
   0.00000  -0.00000  -0.00024  -0.00031   0.19504
   occupation matrix (subspace #           9 , spin            1 )
   0.10630   0.00002   0.00001   0.00000  -0.00001
   0.00002   0.08996   0.00001  -0.00000   0.00001
   0.00001   0.00001   0.20811   0.00005   0.00027
   0.00000  -0.00000   0.00005   0.09044  -0.00006
  -0.00001   0.00001   0.00027  -0.00006   0.19701
   occupation matrix (subspace #          10 , spin            1 )
   0.10694  -0.00001   0.00001  -0.00007   0.00002
  -0.00001   0.09056  -0.00011  -0.00000  -0.00016
   0.00001  -0.00011   0.20804  -0.00007  -0.00062
  -0.00007  -0.00000  -0.00007   0.08971   0.00000
   0.00002  -0.00016  -0.00062   0.00000   0.19682
   occupation matrix (subspace #          11 , spin            1 )
   0.11105  -0.00018  -0.00000   0.00000   0.00000
  -0.00018   0.09093   0.00000  -0.00000   0.00000
  -0.00000   0.00000   0.20695  -0.00020  -0.00202
   0.00000  -0.00000  -0.00020   0.08846   0.00002
   0.00000   0.00000  -0.00202   0.00002   0.19588
   occupation matrix (subspace #          12 , spin            1 )
   0.10851   0.00010  -0.00000   0.00000  -0.00000
   0.00010   0.08941   0.00000   0.00000   0.00000
  -0.00000   0.00000   0.20758   0.00026   0.00079
   0.00000   0.00000   0.00026   0.09056  -0.00041
  -0.00000   0.00000   0.00079  -0.00041   0.19659
   occupation matrix (subspace #          13 , spin            1 )
   0.10858  -0.00024   0.00000   0.00000  -0.00000
  -0.00024   0.09145   0.00000  -0.00000   0.00000
   0.00000   0.00000   0.20785  -0.00022  -0.00128
   0.00000  -0.00000  -0.00022   0.08842   0.00021
  -0.00000   0.00000  -0.00128   0.00021   0.19658
   occupation matrix (subspace #          14 , spin            1 )
   0.10695  -0.00012   0.00000   0.00000   0.00000
  -0.00012   0.08960   0.00000  -0.00000  -0.00000
   0.00000   0.00000   0.20808  -0.00022   0.00072
   0.00000  -0.00000  -0.00022   0.09066   0.00028
   0.00000  -0.00000   0.00072   0.00028   0.19681
   occupation matrix (subspace #          15 , spin            1 )
   0.10608  -0.00001   0.00000  -0.00001   0.00000
  -0.00001   0.09022  -0.00005  -0.00000  -0.00005
   0.00000  -0.00005   0.20819  -0.00005   0.00000
  -0.00001  -0.00000  -0.00005   0.09022   0.00005
   0.00000  -0.00005   0.00000   0.00005   0.19704
   occupation matrix (subspace #          16 , spin            1 )
   0.10630   0.00000   0.00001   0.00002   0.00001
   0.00000   0.09045   0.00005  -0.00000   0.00006
   0.00001   0.00005   0.20811   0.00001  -0.00027
   0.00002  -0.00000   0.00001   0.08996  -0.00001
   0.00001   0.00006  -0.00027  -0.00001   0.19701
   occupation matrix (subspace #          17 , spin            1 )
   0.11494   0.00722   0.00000   0.00000   0.00000
   0.00722   0.08197   0.00000  -0.00000   0.00000
   0.00000   0.00000   0.20474   0.00439   0.00858
   0.00000  -0.00000   0.00439   0.10558  -0.00794
   0.00000   0.00000   0.00858  -0.00794   0.19573
   occupation matrix (subspace #          18 , spin            1 )
   0.14040   0.00158   0.00000   0.00000  -0.00000
   0.00158   0.08674  -0.00000   0.00000  -0.00000
   0.00000  -0.00000   0.20292  -0.00666   0.00798
   0.00000   0.00000  -0.00666   0.08823   0.00866
  -0.00000  -0.00000   0.00798   0.00866   0.18692
   occupation matrix (subspace #          19 , spin            1 )
   0.11081  -0.00123   0.00007   0.00037  -0.00046
  -0.00123   0.08802   0.00044  -0.00005   0.00018
   0.00007   0.00044   0.20787  -0.00243   0.00192
   0.00037  -0.00005  -0.00243   0.09206   0.00350
  -0.00046   0.00018   0.00192   0.00350   0.19591
   occupation matrix (subspace #          20 , spin            1 )
   0.11271  -0.00001   0.00052   0.00096  -0.00007
  -0.00001   0.08899   0.00089  -0.00012   0.00119
   0.00052   0.00089   0.20592   0.00001   0.00045
   0.00096  -0.00012   0.00001   0.09041  -0.00046
  -0.00007   0.00119   0.00045  -0.00046   0.19619
   occupation matrix (subspace #          21 , spin            1 )
   0.10630   0.00004   0.00000   0.00000  -0.00000
   0.00004   0.08989  -0.00000  -0.00000   0.00000
   0.00000  -0.00000   0.20817   0.00010   0.00040
   0.00000  -0.00000   0.00010   0.09050  -0.00012
  -0.00000   0.00000   0.00040  -0.00012   0.19699
   occupation matrix (subspace #          22 , spin            1 )
   0.10708   0.00004  -0.00000   0.00000   0.00000
   0.00004   0.09082   0.00000   0.00000   0.00000
  -0.00000   0.00000   0.20787   0.00009  -0.00056
   0.00000   0.00000   0.00009   0.08947  -0.00003
   0.00000   0.00000  -0.00056  -0.00003   0.19694
   occupation matrix (subspace #          23 , spin            1 )
   0.11081   0.00037   0.00007  -0.00123   0.00046
   0.00037   0.09206  -0.00243  -0.00005  -0.00350
   0.00007  -0.00243   0.20787   0.00044  -0.00192
  -0.00123  -0.00005   0.00044   0.08802  -0.00018
   0.00046  -0.00350  -0.00192  -0.00018   0.19591
   occupation matrix (subspace #          24 , spin            1 )
   0.10850   0.00019   0.00004  -0.00003  -0.00020
   0.00019   0.08902   0.00018  -0.00002  -0.00011
   0.00004   0.00018   0.20781   0.00039   0.00118
  -0.00003  -0.00002   0.00039   0.09093  -0.00051
  -0.00020  -0.00011   0.00118  -0.00051   0.19648
   occupation matrix (subspace #          25 , spin            1 )
   0.10850  -0.00003  -0.00004  -0.00019  -0.00020
  -0.00003   0.09093  -0.00039   0.00002  -0.00051
  -0.00004  -0.00039   0.20781   0.00018  -0.00118
  -0.00019   0.00002   0.00018   0.08902   0.00011
  -0.00020  -0.00051  -0.00118   0.00011   0.19648
   occupation matrix (subspace #          26 , spin            1 )
   0.10694  -0.00007  -0.00001   0.00001   0.00002
  -0.00007   0.08971   0.00007   0.00000   0.00000
  -0.00001   0.00007   0.20804  -0.00011   0.00062
   0.00001   0.00000  -0.00011   0.09056   0.00016
   0.00002   0.00000   0.00062   0.00016   0.19682
   occupation matrix (subspace #          27 , spin            1 )
   0.10608  -0.00001  -0.00000   0.00001  -0.00000
  -0.00001   0.09022   0.00005   0.00000   0.00005
  -0.00000   0.00005   0.20819  -0.00005   0.00000
   0.00001   0.00000  -0.00005   0.09022   0.00005
  -0.00000   0.00005   0.00000   0.00005   0.19704
   occupation matrix (subspace #          28 , spin            1 )
   0.10630   0.00000  -0.00001  -0.00002  -0.00001
   0.00000   0.09045  -0.00005   0.00000  -0.00006
  -0.00001  -0.00005   0.20811   0.00001  -0.00027
  -0.00002   0.00000   0.00001   0.08996  -0.00001
  -0.00001  -0.00006  -0.00027  -0.00001   0.19701
   occupation matrix (subspace #          29 , spin            1 )
   0.11271   0.00096  -0.00052   0.00001  -0.00007
   0.00096   0.09041  -0.00001   0.00012  -0.00046
  -0.00052  -0.00001   0.20592   0.00089  -0.00045
   0.00001   0.00012   0.00089   0.08899  -0.00119
  -0.00007  -0.00046  -0.00045  -0.00119   0.19619
   occupation matrix (subspace #          30 , spin            1 )
   0.12443   0.00168  -0.00027  -0.00168  -0.00000
   0.00168   0.08841   0.00012  -0.00018   0.00039
  -0.00027   0.00012   0.20439  -0.00012   0.00000
  -0.00168  -0.00018  -0.00012   0.08841   0.00039
  -0.00000   0.00039   0.00000   0.00039   0.19317
   occupation matrix (subspace #          31 , spin            1 )
   0.11081  -0.00123  -0.00007  -0.00037   0.00046
  -0.00123   0.08802  -0.00044   0.00005  -0.00018
  -0.00007  -0.00044   0.20787  -0.00243   0.00192
  -0.00037   0.00005  -0.00243   0.09206   0.00350
   0.00046  -0.00018   0.00192   0.00350   0.19591
   occupation matrix (subspace #          32 , spin            1 )
   0.11271  -0.00001  -0.00052  -0.00096   0.00007
  -0.00001   0.08899  -0.00089   0.00012  -0.00119
  -0.00052  -0.00089   0.20592   0.00001   0.00045
  -0.00096   0.00012   0.00001   0.09041  -0.00046
   0.00007  -0.00119   0.00045  -0.00046   0.19619
   occupation matrix (subspace #          33 , spin            1 )
   0.10630   0.00002  -0.00001  -0.00000   0.00001
   0.00002   0.08996  -0.00001   0.00000  -0.00001
  -0.00001  -0.00001   0.20811   0.00005   0.00027
  -0.00000   0.00000   0.00005   0.09044  -0.00006
   0.00001  -0.00001   0.00027  -0.00006   0.19701
   occupation matrix (subspace #          34 , spin            1 )
   0.10694  -0.00001  -0.00001   0.00007  -0.00002
  -0.00001   0.09056   0.00011   0.00000   0.00016
  -0.00001   0.00011   0.20804  -0.00007  -0.00062
   0.00007   0.00000  -0.00007   0.08971   0.00000
  -0.00002   0.00016  -0.00062   0.00000   0.19682
   occupation matrix (subspace #          35 , spin            1 )
   0.11081   0.00037  -0.00007   0.00123  -0.00046
   0.00037   0.09206   0.00243   0.00005   0.00350
  -0.00007   0.00243   0.20787   0.00044  -0.00192
   0.00123   0.00005   0.00044   0.08802  -0.00018
  -0.00046   0.00350  -0.00192  -0.00018   0.19591
   occupation matrix (subspace #          36 , spin            1 )
   0.10850   0.00019  -0.00004   0.00003   0.00020
   0.00019   0.08902  -0.00018   0.00002   0.00011
  -0.00004  -0.00018   0.20781   0.00039   0.00118
   0.00003   0.00002   0.00039   0.09093  -0.00051
   0.00020   0.00011   0.00118  -0.00051   0.19648
   occupation matrix (subspace #          37 , spin            1 )
   0.10850   0.00003  -0.00004   0.00019  -0.00020
   0.00003   0.09093   0.00039   0.00002   0.00051
  -0.00004   0.00039   0.20781  -0.00018  -0.00118
   0.00019   0.00002  -0.00018   0.08902  -0.00011
  -0.00020   0.00051  -0.00118  -0.00011   0.19648
   occupation matrix (subspace #          38 , spin            1 )
   0.10708  -0.00000   0.00000   0.00004  -0.00000
  -0.00000   0.08947   0.00009  -0.00000   0.00003
   0.00000   0.00009   0.20787   0.00000   0.00056
   0.00004  -0.00000   0.00000   0.09081   0.00000
  -0.00000   0.00003   0.00056   0.00000   0.19694
   occupation matrix (subspace #          39 , spin            1 )
   0.10609   0.00001  -0.00000   0.00000   0.00000
   0.00001   0.09027  -0.00000  -0.00000  -0.00000
  -0.00000  -0.00000   0.20813   0.00004  -0.00001
   0.00000  -0.00000   0.00004   0.09019  -0.00004
   0.00000  -0.00000  -0.00001  -0.00004   0.19706
   occupation matrix (subspace #          40 , spin            1 )
   0.10632   0.00000   0.00000   0.00000   0.00000
   0.00000   0.09051  -0.00000   0.00000   0.00000
   0.00000  -0.00000   0.20809   0.00000  -0.00036
   0.00000   0.00000   0.00000   0.08992  -0.00000
   0.00000   0.00000  -0.00036  -0.00000   0.19701
   occupation matrix (subspace #          41 , spin            1 )
   0.11271  -0.00096  -0.00052  -0.00001  -0.00007
  -0.00096   0.09041   0.00001   0.00012   0.00046
  -0.00052   0.00001   0.20592  -0.00089  -0.00045
  -0.00001   0.00012  -0.00089   0.08899   0.00119
  -0.00007   0.00046  -0.00045   0.00119   0.19619
   occupation matrix (subspace #          42 , spin            1 )
   0.14040  -0.00000  -0.00000   0.00158  -0.00000
  -0.00000   0.08823  -0.00666   0.00000  -0.00866
  -0.00000  -0.00666   0.20292   0.00000  -0.00798
   0.00158   0.00000   0.00000   0.08673  -0.00000
  -0.00000  -0.00866  -0.00798  -0.00000   0.18692
   occupation matrix (subspace #          43 , spin            1 )
   0.11076   0.00059  -0.00000   0.00000  -0.00000
   0.00059   0.08935   0.00000   0.00000   0.00000
  -0.00000   0.00000   0.20717   0.00121   0.00089
   0.00000   0.00000   0.00121   0.09046  -0.00194
  -0.00000   0.00000   0.00089  -0.00194   0.19611
   occupation matrix (subspace #          44 , spin            1 )
   0.12000  -0.00000   0.00000   0.00000   0.00000
  -0.00000   0.09394  -0.00000  -0.00000   0.00000
   0.00000  -0.00000   0.20579  -0.00000  -0.00659
   0.00000  -0.00000  -0.00000   0.08460   0.00000
   0.00000   0.00000  -0.00659   0.00000   0.19330
   occupation matrix (subspace #          45 , spin            1 )
   0.10630  -0.00002  -0.00001   0.00000   0.00001
  -0.00002   0.08996   0.00001   0.00000   0.00001
  -0.00001   0.00001   0.20811  -0.00005   0.00027
   0.00000   0.00000  -0.00005   0.09044   0.00006
   0.00001   0.00001   0.00027   0.00006   0.19701
   occupation matrix (subspace #          46 , spin            1 )
   0.10695   0.00000  -0.00000  -0.00012   0.00000
   0.00000   0.09066  -0.00022  -0.00000  -0.00028
  -0.00000  -0.00022   0.20808   0.00000  -0.00072
  -0.00012  -0.00000   0.00000   0.08960  -0.00000
   0.00000  -0.00028  -0.00072  -0.00000   0.19681
   occupation matrix (subspace #          47 , spin            1 )
   0.11105   0.00018   0.00000   0.00000  -0.00000
   0.00018   0.09093   0.00000   0.00000   0.00000
   0.00000   0.00000   0.20695   0.00020  -0.00202
   0.00000   0.00000   0.00020   0.08846  -0.00002
  -0.00000   0.00000  -0.00202  -0.00002   0.19588
   occupation matrix (subspace #          48 , spin            1 )
   0.10855  -0.00000  -0.00000   0.00000  -0.00000
  -0.00000   0.08960   0.00000   0.00000   0.00000
  -0.00000   0.00000   0.20766  -0.00000   0.00073
   0.00000   0.00000  -0.00000   0.09042   0.00000
  -0.00000   0.00000   0.00073   0.00000   0.19652
   occupation matrix (subspace #          49 , spin            1 )
   0.10858   0.00024  -0.00000   0.00000   0.00000
   0.00024   0.09145   0.00000   0.00000   0.00000
  -0.00000   0.00000   0.20785   0.00022  -0.00128
   0.00000   0.00000   0.00022   0.08842  -0.00021
   0.00000   0.00000  -0.00128  -0.00021   0.19658
   occupation matrix (subspace #          50 , spin            1 )
   0.10704   0.00000  -0.00000  -0.00000  -0.00000
   0.00000   0.08917  -0.00000  -0.00000  -0.00000
  -0.00000  -0.00000   0.20804   0.00000   0.00082
  -0.00000  -0.00000   0.00000   0.09105  -0.00000
  -0.00000  -0.00000   0.00082  -0.00000   0.19691
   occupation matrix (subspace #          51 , spin            1 )
   0.10608   0.00001  -0.00000  -0.00001  -0.00000
   0.00001   0.09022  -0.00005   0.00000  -0.00005
  -0.00000  -0.00005   0.20819   0.00005   0.00000
  -0.00001   0.00000   0.00005   0.09022  -0.00005
  -0.00000  -0.00005   0.00000  -0.00005   0.19704
   occupation matrix (subspace #          52 , spin            1 )
   0.10630  -0.00000  -0.00000   0.00004  -0.00000
  -0.00000   0.09051   0.00010   0.00000   0.00012
  -0.00000   0.00010   0.20817   0.00000  -0.00040
   0.00004   0.00000   0.00000   0.08989  -0.00000
  -0.00000   0.00012  -0.00040  -0.00000   0.19699
   occupation matrix (subspace #          53 , spin            1 )
   0.11494  -0.00722  -0.00000   0.00000  -0.00000
  -0.00722   0.08197   0.00000   0.00000   0.00000
  -0.00000   0.00000   0.20474  -0.00439   0.00858
   0.00000   0.00000  -0.00439   0.10558   0.00794
  -0.00000   0.00000   0.00858   0.00794   0.19573
   occupation matrix (subspace #          54 , spin            1 )
   0.54567   0.00000  -0.00000  -0.00000  -0.00000
   0.00000   0.34965  -0.00000   0.00000   0.00000
  -0.00000  -0.00000   0.39128  -0.00000   0.00000
  -0.00000   0.00000  -0.00000   0.34965   0.00000
  -0.00000   0.00000   0.00000   0.00000   0.37928
   occupation matrix (subspace #          55 , spin            1 )
   0.11081   0.00123  -0.00007   0.00037   0.00046
   0.00123   0.08802   0.00044   0.00005   0.00018
  -0.00007   0.00044   0.20787   0.00243   0.00192
   0.00037   0.00005   0.00243   0.09206  -0.00350
   0.00046   0.00018   0.00192  -0.00350   0.19591
   occupation matrix (subspace #          56 , spin            1 )
   0.11494  -0.00000   0.00000   0.00722  -0.00000
  -0.00000   0.10558   0.00439  -0.00000   0.00794
   0.00000   0.00439   0.20474  -0.00000  -0.00858
   0.00722  -0.00000  -0.00000   0.08197  -0.00000
  -0.00000   0.00794  -0.00858  -0.00000   0.19573
   occupation matrix (subspace #          57 , spin            1 )
   0.10630  -0.00004   0.00000   0.00000   0.00000
  -0.00004   0.08989  -0.00000   0.00000   0.00000
   0.00000  -0.00000   0.20817  -0.00010   0.00040
   0.00000   0.00000  -0.00010   0.09050   0.00012
   0.00000   0.00000   0.00040   0.00012   0.19699
   occupation matrix (subspace #          58 , spin            1 )
   0.10703  -0.00000   0.00000   0.00000  -0.00000
  -0.00000   0.09105   0.00000   0.00000   0.00000
   0.00000   0.00000   0.20804   0.00000  -0.00082
   0.00000   0.00000   0.00000   0.08917  -0.00000
  -0.00000   0.00000  -0.00082  -0.00000   0.19691
   occupation matrix (subspace #          59 , spin            1 )
   0.11081  -0.00037  -0.00007  -0.00123  -0.00046
  -0.00037   0.09206  -0.00243   0.00005  -0.00350
  -0.00007  -0.00243   0.20787  -0.00044  -0.00192
  -0.00123   0.00005  -0.00044   0.08802   0.00018
  -0.00046  -0.00350  -0.00192   0.00018   0.19591
   occupation matrix (subspace #          60 , spin            1 )
   0.10858  -0.00000   0.00000  -0.00024   0.00000
  -0.00000   0.08842  -0.00022  -0.00000  -0.00021
   0.00000  -0.00022   0.20785  -0.00000   0.00129
  -0.00024  -0.00000  -0.00000   0.09145   0.00000
   0.00000  -0.00021   0.00129   0.00000   0.19658
   occupation matrix (subspace #          61 , spin            1 )
   0.10850   0.00003   0.00004  -0.00019   0.00020
   0.00003   0.09093  -0.00039  -0.00002  -0.00051
   0.00004  -0.00039   0.20781  -0.00018  -0.00118
  -0.00019  -0.00002  -0.00018   0.08902  -0.00011
   0.00020  -0.00051  -0.00118  -0.00011   0.19648
   occupation matrix (subspace #          62 , spin            1 )
   0.10708  -0.00000   0.00000  -0.00004   0.00000
  -0.00000   0.08947  -0.00009   0.00000  -0.00003
   0.00000  -0.00009   0.20787   0.00000   0.00056
  -0.00004   0.00000   0.00000   0.09081  -0.00000
   0.00000  -0.00003   0.00056  -0.00000   0.19694
   occupation matrix (subspace #          63 , spin            1 )
   0.10608   0.00001   0.00000   0.00001   0.00000
   0.00001   0.09022   0.00005  -0.00000   0.00005
   0.00000   0.00005   0.20819   0.00005   0.00000
   0.00001  -0.00000   0.00005   0.09022  -0.00005
   0.00000   0.00005   0.00000  -0.00005   0.19704
   occupation matrix (subspace #          64 , spin            1 )
   0.10630  -0.00000   0.00000  -0.00004  -0.00000
  -0.00000   0.09051  -0.00010  -0.00000  -0.00012
   0.00000  -0.00010   0.20817   0.00000  -0.00040
  -0.00004  -0.00000   0.00000   0.08989   0.00000
  -0.00000  -0.00012  -0.00040   0.00000   0.19699
   occupation matrix (subspace #          65 , spin            1 )
   0.11271  -0.00096   0.00052   0.00001   0.00007
  -0.00096   0.09041  -0.00001  -0.00012  -0.00046
   0.00052  -0.00001   0.20592  -0.00089  -0.00045
   0.00001  -0.00012  -0.00089   0.08899   0.00119
   0.00007  -0.00046  -0.00045   0.00119   0.19619
   occupation matrix (subspace #          66 , spin            1 )
   0.14040  -0.00000   0.00000  -0.00158   0.00000
  -0.00000   0.08823   0.00666  -0.00000   0.00866
   0.00000   0.00666   0.20292   0.00000  -0.00798
  -0.00158  -0.00000   0.00000   0.08673  -0.00000
   0.00000   0.00866  -0.00798  -0.00000   0.18692
   occupation matrix (subspace #          67 , spin            1 )
   0.11081   0.00123   0.00007  -0.00037  -0.00046
   0.00123   0.08802  -0.00044  -0.00005  -0.00018
   0.00007  -0.00044   0.20787   0.00243   0.00192
  -0.00037  -0.00005   0.00243   0.09206  -0.00350
  -0.00046  -0.00018   0.00192  -0.00350   0.19591
   occupation matrix (subspace #          68 , spin            1 )
   0.11494  -0.00000  -0.00000  -0.00722   0.00000
  -0.00000   0.10558  -0.00439   0.00000  -0.00794
  -0.00000  -0.00439   0.20474  -0.00000  -0.00858
  -0.00722   0.00000  -0.00000   0.08197   0.00000
   0.00000  -0.00794  -0.00858   0.00000   0.19573
   occupation matrix (subspace #          69 , spin            1 )
   0.10630  -0.00002   0.00001  -0.00000  -0.00001
  -0.00002   0.08996  -0.00001  -0.00000  -0.00001
   0.00001  -0.00001   0.20811  -0.00005   0.00027
  -0.00000  -0.00000  -0.00005   0.09044   0.00006
  -0.00001  -0.00001   0.00027   0.00006   0.19701
   occupation matrix (subspace #          70 , spin            1 )
   0.10695   0.00000   0.00000   0.00012   0.00000
   0.00000   0.09066   0.00022   0.00000   0.00028
   0.00000   0.00022   0.20808   0.00000  -0.00072
   0.00012   0.00000   0.00000   0.08960  -0.00000
   0.00000   0.00028  -0.00072  -0.00000   0.19681
   occupation matrix (subspace #          71 , spin            1 )
   0.11081  -0.00037   0.00007   0.00123   0.00046
  -0.00037   0.09206   0.00243  -0.00005   0.00350
   0.00007   0.00243   0.20787  -0.00044  -0.00192
   0.00123  -0.00005  -0.00044   0.08802   0.00018
   0.00046   0.00350  -0.00192   0.00018   0.19591
   occupation matrix (subspace #          72 , spin            1 )
   0.10858  -0.00000  -0.00000   0.00024  -0.00000
  -0.00000   0.08842   0.00022   0.00000   0.00021
  -0.00000   0.00022   0.20785  -0.00000   0.00129
   0.00024   0.00000  -0.00000   0.09145   0.00000
  -0.00000   0.00021   0.00129   0.00000   0.19658
   occupation matrix (subspace #          73 , spin            1 )
   0.10851   0.00000  -0.00000   0.00010   0.00000
   0.00000   0.09056   0.00026  -0.00000   0.00041
  -0.00000   0.00026   0.20758   0.00000  -0.00079
   0.00010  -0.00000   0.00000   0.08941   0.00000
   0.00000   0.00041  -0.00079   0.00000   0.19659
   occupation matrix (subspace #          74 , spin            1 )
   0.10694   0.00007  -0.00001  -0.00001   0.00002
   0.00007   0.08971  -0.00007   0.00000  -0.00000
  -0.00001  -0.00007   0.20804   0.00011   0.00062
  -0.00001   0.00000   0.00011   0.09056  -0.00016
   0.00002  -0.00000   0.00062  -0.00016   0.19682
   occupation matrix (subspace #          75 , spin            1 )
   0.10611   0.00000   0.00000   0.00000   0.00000
   0.00000   0.09023  -0.00000   0.00000   0.00000
   0.00000  -0.00000   0.20811  -0.00000   0.00000
   0.00000   0.00000  -0.00000   0.09023  -0.00000
   0.00000   0.00000   0.00000  -0.00000   0.19706
   occupation matrix (subspace #          76 , spin            1 )
   0.10629  -0.00001  -0.00000  -0.00000   0.00000
  -0.00001   0.09046  -0.00000   0.00000  -0.00000
  -0.00000  -0.00000   0.20810  -0.00002  -0.00027
  -0.00000   0.00000  -0.00002   0.08995   0.00001
   0.00000  -0.00000  -0.00027   0.00001   0.19700
   occupation matrix (subspace #          77 , spin            1 )
   0.11502  -0.00000   0.00000   0.00014   0.00000
  -0.00000   0.08988   0.00008   0.00000   0.00032
   0.00000   0.00008   0.20605  -0.00000   0.00024
   0.00014   0.00000  -0.00000   0.08877   0.00000
   0.00000   0.00032   0.00024   0.00000   0.19504
   occupation matrix (subspace #          78 , spin            1 )
   0.12443  -0.00168  -0.00027   0.00168   0.00000
  -0.00168   0.08841  -0.00012  -0.00018  -0.00039
  -0.00027  -0.00012   0.20439   0.00012   0.00000
   0.00168  -0.00018   0.00012   0.08841  -0.00039
   0.00000  -0.00039   0.00000  -0.00039   0.19317
   occupation matrix (subspace #          79 , spin            1 )
   0.11118   0.00000  -0.00000  -0.00000  -0.00000
   0.00000   0.08923  -0.00000   0.00000  -0.00000
  -0.00000  -0.00000   0.20660   0.00000   0.00092
  -0.00000   0.00000   0.00000   0.09024  -0.00000
  -0.00000  -0.00000   0.00092  -0.00000   0.19607
   occupation matrix (subspace #          80 , spin            1 )
   0.11502  -0.00014  -0.00000  -0.00000  -0.00000
  -0.00014   0.08877  -0.00000  -0.00000  -0.00000
  -0.00000  -0.00000   0.20605  -0.00008  -0.00024
  -0.00000  -0.00000  -0.00008   0.08988   0.00032
  -0.00000  -0.00000  -0.00024   0.00032   0.19504
   occupation matrix (subspace #          81 , spin            1 )
   0.10629   0.00000   0.00000   0.00001   0.00000
   0.00000   0.08995   0.00002  -0.00000   0.00001
   0.00000   0.00002   0.20810  -0.00000   0.00027
   0.00001  -0.00000  -0.00000   0.09045   0.00000
   0.00000   0.00001   0.00027   0.00000   0.19700
   occupation matrix (subspace #          82 , spin            1 )
   0.10694   0.00001  -0.00001  -0.00007  -0.00002
   0.00001   0.09056  -0.00011   0.00000  -0.00016
  -0.00001  -0.00011   0.20804   0.00007  -0.00062
  -0.00007   0.00000   0.00007   0.08971  -0.00000
  -0.00002  -0.00016  -0.00062  -0.00000   0.19682
   occupation matrix (subspace #          83 , spin            1 )
   0.11118  -0.00000  -0.00000   0.00000  -0.00000
  -0.00000   0.09024   0.00000  -0.00000  -0.00000
  -0.00000   0.00000   0.20660  -0.00000  -0.00092
   0.00000  -0.00000  -0.00000   0.08923   0.00000
  -0.00000  -0.00000  -0.00092   0.00000   0.19607
   occupation matrix (subspace #          84 , spin            1 )
   0.10851  -0.00010   0.00000   0.00000   0.00000
  -0.00010   0.08941   0.00000  -0.00000   0.00000
   0.00000   0.00000   0.20758  -0.00026   0.00079
   0.00000  -0.00000  -0.00026   0.09056   0.00041
   0.00000   0.00000   0.00079   0.00041   0.19659
   occupation matrix (subspace #          85 , spin            1 )
   0.10855   0.00000   0.00000  -0.00000  -0.00000
   0.00000   0.09042  -0.00000  -0.00000  -0.00000
   0.00000  -0.00000   0.20766   0.00000  -0.00073
  -0.00000  -0.00000   0.00000   0.08960   0.00000
  -0.00000  -0.00000  -0.00073   0.00000   0.19652
   occupation matrix (subspace #          86 , spin            1 )
   0.10695   0.00012  -0.00000   0.00000  -0.00000
   0.00012   0.08960   0.00000   0.00000  -0.00000
  -0.00000   0.00000   0.20808   0.00022   0.00072
   0.00000   0.00000   0.00022   0.09066  -0.00028
  -0.00000  -0.00000   0.00072  -0.00028   0.19681
   occupation matrix (subspace #          87 , spin            1 )
   0.10609   0.00000   0.00000  -0.00001   0.00000
   0.00000   0.09019  -0.00004  -0.00000  -0.00004
   0.00000  -0.00004   0.20813  -0.00000   0.00001
  -0.00001  -0.00000  -0.00000   0.09027   0.00000
   0.00000  -0.00004   0.00001   0.00000   0.19706
   occupation matrix (subspace #          88 , spin            1 )
   0.10630  -0.00000  -0.00001   0.00002  -0.00001
  -0.00000   0.09045   0.00005   0.00000   0.00006
  -0.00001   0.00005   0.20811  -0.00001  -0.00027
   0.00002   0.00000  -0.00001   0.08996   0.00001
  -0.00001   0.00006  -0.00027   0.00001   0.19701
   occupation matrix (subspace #          89 , spin            1 )
   0.12000  -0.00000   0.00000  -0.00000   0.00000
  -0.00000   0.08461   0.00000  -0.00000   0.00000
   0.00000   0.00000   0.20579  -0.00000   0.00659
  -0.00000  -0.00000  -0.00000   0.09393   0.00000
   0.00000   0.00000   0.00659   0.00000   0.19330
   occupation matrix (subspace #          90 , spin            1 )
   0.14040  -0.00158  -0.00000   0.00000   0.00000
  -0.00158   0.08674  -0.00000  -0.00000  -0.00000
  -0.00000  -0.00000   0.20292   0.00666   0.00798
   0.00000  -0.00000   0.00666   0.08823  -0.00866
   0.00000  -0.00000   0.00798  -0.00866   0.18692
   occupation matrix (subspace #          91 , spin            1 )
   0.11105   0.00000   0.00000  -0.00018   0.00000
   0.00000   0.08847  -0.00020  -0.00000  -0.00002
   0.00000  -0.00020   0.20695   0.00000   0.00202
  -0.00018  -0.00000   0.00000   0.09092   0.00000
   0.00000  -0.00002   0.00202   0.00000   0.19588
   occupation matrix (subspace #          92 , spin            1 )
   0.11271   0.00001  -0.00052   0.00096   0.00007
   0.00001   0.08899   0.00089   0.00012   0.00119
  -0.00052   0.00089   0.20592  -0.00001   0.00045
   0.00096   0.00012  -0.00001   0.09041   0.00046
   0.00007   0.00119   0.00045   0.00046   0.19619
   occupation matrix (subspace #          93 , spin            1 )
   0.10632   0.00000  -0.00000  -0.00000   0.00000
   0.00000   0.08992  -0.00000   0.00000   0.00000
  -0.00000  -0.00000   0.20809   0.00000   0.00037
  -0.00000   0.00000   0.00000   0.09050  -0.00000
   0.00000   0.00000   0.00037  -0.00000   0.19701
   occupation matrix (subspace #          94 , spin            1 )
   0.10708  -0.00004   0.00000   0.00000  -0.00000
  -0.00004   0.09082   0.00000  -0.00000   0.00000
   0.00000   0.00000   0.20787  -0.00009  -0.00056
   0.00000  -0.00000  -0.00009   0.08947   0.00003
  -0.00000   0.00000  -0.00056   0.00003   0.19694
   occupation matrix (subspace #          95 , spin            1 )
   0.11076   0.00000   0.00000  -0.00059  -0.00000
   0.00000   0.09046  -0.00121  -0.00000  -0.00194
   0.00000  -0.00121   0.20717   0.00000  -0.00089
  -0.00059  -0.00000   0.00000   0.08935  -0.00000
  -0.00000  -0.00194  -0.00089  -0.00000   0.19611
   occupation matrix (subspace #          96 , spin            1 )
   0.10850  -0.00019  -0.00004  -0.00003   0.00020
  -0.00019   0.08902   0.00018   0.00002  -0.00011
  -0.00004   0.00018   0.20781  -0.00039   0.00118
  -0.00003   0.00002  -0.00039   0.09093   0.00051
   0.00020  -0.00011   0.00118   0.00051   0.19648
   occupation matrix (subspace #          97 , spin            1 )
   0.10851   0.00000   0.00000  -0.00010   0.00000
   0.00000   0.09056  -0.00026   0.00000  -0.00041
   0.00000  -0.00026   0.20758   0.00000  -0.00079
  -0.00010   0.00000   0.00000   0.08941   0.00000
   0.00000  -0.00041  -0.00079   0.00000   0.19659
   occupation matrix (subspace #          98 , spin            1 )
   0.10694   0.00007   0.00001   0.00001  -0.00002
   0.00007   0.08971   0.00007  -0.00000   0.00000
   0.00001   0.00007   0.20804   0.00011   0.00062
   0.00001  -0.00000   0.00011   0.09056  -0.00016
  -0.00002   0.00000   0.00062  -0.00016   0.19682
   occupation matrix (subspace #          99 , spin            1 )
   0.10609   0.00000  -0.00000   0.00001  -0.00000
   0.00000   0.09019   0.00004  -0.00000   0.00004
  -0.00000   0.00004   0.20813   0.00000   0.00001
   0.00001  -0.00000   0.00000   0.09027  -0.00000
  -0.00000   0.00004   0.00001  -0.00000   0.19706
   occupation matrix (subspace #         100 , spin            1 )
   0.10630  -0.00000   0.00001  -0.00002   0.00001
  -0.00000   0.09045  -0.00005  -0.00000  -0.00006
   0.00001  -0.00005   0.20811  -0.00001  -0.00027
  -0.00002  -0.00000  -0.00001   0.08996   0.00001
   0.00001  -0.00006  -0.00027   0.00001   0.19701
   occupation matrix (subspace #         101 , spin            1 )
   0.11502  -0.00000  -0.00000  -0.00014  -0.00000
  -0.00000   0.08988  -0.00008  -0.00000  -0.00031
  -0.00000  -0.00008   0.20605  -0.00000   0.00024
  -0.00014  -0.00000  -0.00000   0.08877   0.00000
  -0.00000  -0.00031   0.00024   0.00000   0.19504
   occupation matrix (subspace #         102 , spin            1 )
   0.12443  -0.00168   0.00027  -0.00168  -0.00000
  -0.00168   0.08841   0.00012   0.00018   0.00039
   0.00027   0.00012   0.20439   0.00012   0.00000
  -0.00168   0.00018   0.00012   0.08841  -0.00039
  -0.00000   0.00039   0.00000  -0.00039   0.19317
   occupation matrix (subspace #         103 , spin            1 )
   0.11105   0.00000  -0.00000   0.00018  -0.00000
   0.00000   0.08847   0.00020   0.00000   0.00002
  -0.00000   0.00020   0.20695   0.00000   0.00202
   0.00018   0.00000   0.00000   0.09092   0.00000
  -0.00000   0.00002   0.00202   0.00000   0.19588
   occupation matrix (subspace #         104 , spin            1 )
   0.11271   0.00001   0.00052  -0.00096  -0.00007
   0.00001   0.08899  -0.00089  -0.00012  -0.00119
   0.00052  -0.00089   0.20592  -0.00001   0.00045
  -0.00096  -0.00012  -0.00001   0.09041   0.00046
  -0.00007  -0.00119   0.00045   0.00046   0.19619
   occupation matrix (subspace #         105 , spin            1 )
   0.10629  -0.00000  -0.00000  -0.00001  -0.00000
  -0.00000   0.08995  -0.00002   0.00000  -0.00001
  -0.00000  -0.00002   0.20810  -0.00000   0.00027
  -0.00001   0.00000  -0.00000   0.09045   0.00000
  -0.00000  -0.00001   0.00027   0.00000   0.19700
   occupation matrix (subspace #         106 , spin            1 )
   0.10694   0.00001   0.00001   0.00007   0.00002
   0.00001   0.09056   0.00011  -0.00000   0.00016
   0.00001   0.00011   0.20804   0.00007  -0.00062
   0.00007  -0.00000   0.00007   0.08971  -0.00000
   0.00002   0.00016  -0.00062  -0.00000   0.19682
   occupation matrix (subspace #         107 , spin            1 )
   0.11076  -0.00000  -0.00000   0.00059   0.00000
  -0.00000   0.09046   0.00121   0.00000   0.00194
  -0.00000   0.00121   0.20717  -0.00000  -0.00089
   0.00059   0.00000  -0.00000   0.08935   0.00000
   0.00000   0.00194  -0.00089   0.00000   0.19611
   occupation matrix (subspace #         108 , spin            1 )
   0.10850  -0.00019   0.00004   0.00003  -0.00020
  -0.00019   0.08902  -0.00018  -0.00002   0.00011
   0.00004  -0.00018   0.20781  -0.00039   0.00118
   0.00003  -0.00002  -0.00039   0.09093   0.00051
  -0.00020   0.00011   0.00118   0.00051   0.19648
