   occupation matrix (subspace #           1 , spin            1 )
   0.16134  -0.00049   0.05539   0.00049   0.00000
  -0.00049   0.15884   0.00042  -0.06373   0.00006
   0.05539   0.00042   0.10470  -0.00042   0.00000
   0.00049  -0.06373  -0.00042   0.15885   0.00006
   0.00000   0.00006   0.00000   0.00006   0.09927
   occupation matrix (subspace #           2 , spin            1 )
   0.16284  -0.00000  -0.05647  -0.00000  -0.00000
  -0.00000   0.15780  -0.00000   0.06380   0.00000
  -0.05647  -0.00000   0.10328  -0.00000   0.00000
  -0.00000   0.06380  -0.00000   0.15780  -0.00000
  -0.00000   0.00000   0.00000  -0.00000   0.09966
   occupation matrix (subspace #           3 , spin            1 )
   0.16079   0.00000   0.05594  -0.00000   0.00000
   0.00000   0.15891   0.00000  -0.06447  -0.00000
   0.05594   0.00000   0.10690  -0.00000   0.00000
  -0.00000  -0.06447  -0.00000   0.15891  -0.00000
   0.00000  -0.00000   0.00000  -0.00000   0.09909
   occupation matrix (subspace #           4 , spin            1 )
   0.16095   0.00000  -0.05491  -0.00000  -0.00000
   0.00000   0.15972   0.00000   0.06435   0.00000
  -0.05491   0.00000   0.10558  -0.00000   0.00000
  -0.00000   0.06435  -0.00000   0.15973   0.00000
  -0.00000   0.00000   0.00000   0.00000   0.09928
   occupation matrix (subspace #           5 , spin            1 )
   0.16134   0.00049   0.05539  -0.00049   0.00000
   0.00049   0.15884  -0.00042  -0.06373  -0.00006
   0.05539  -0.00042   0.10470   0.00042   0.00000
  -0.00049  -0.06373   0.00042   0.15885  -0.00006
   0.00000  -0.00006   0.00000  -0.00006   0.09927
   occupation matrix (subspace #           6 , spin            1 )
   0.16095  -0.00000  -0.05491   0.00000  -0.00000
  -0.00000   0.15972  -0.00000   0.06435  -0.00000
  -0.05491  -0.00000   0.10558   0.00000   0.00000
   0.00000   0.06435   0.00000   0.15973  -0.00000
  -0.00000  -0.00000   0.00000  -0.00000   0.09928
   occupation matrix (subspace #           7 , spin            1 )
   0.16108   0.00016   0.05557  -0.00095   0.00020
   0.00016   0.15982  -0.00081  -0.06370  -0.00071
   0.05557  -0.00081   0.10450  -0.00045   0.00013
  -0.00095  -0.06370  -0.00045   0.15872  -0.00049
   0.00020  -0.00071   0.00013  -0.00049   0.10036
   occupation matrix (subspace #           8 , spin            1 )
   0.15994  -0.00000  -0.05546  -0.00000   0.00073
  -0.00000   0.15856   0.00000   0.06301  -0.00000
  -0.05546   0.00000   0.10793  -0.00000   0.00004
  -0.00000   0.06301  -0.00000   0.16095   0.00000
   0.00073  -0.00000   0.00004   0.00000   0.10074
   occupation matrix (subspace #           9 , spin            1 )
   0.16083  -0.00000   0.05589  -0.00000   0.00069
  -0.00000   0.16088  -0.00000  -0.06244   0.00000
   0.05589  -0.00000   0.10609   0.00000  -0.00010
  -0.00000  -0.06244   0.00000   0.15821  -0.00000
   0.00069   0.00000  -0.00010  -0.00000   0.10224
   occupation matrix (subspace #          10 , spin            1 )
   0.16141  -0.00071  -0.05536  -0.00026   0.00027
  -0.00071   0.15894   0.00006   0.06391  -0.00007
  -0.05536   0.00006   0.10484  -0.00078  -0.00017
  -0.00026   0.06391  -0.00078   0.15912   0.00026
   0.00027  -0.00007  -0.00017   0.00026   0.09958
   occupation matrix (subspace #          11 , spin            1 )
   0.16108  -0.00016   0.05557   0.00095   0.00020
  -0.00016   0.15982   0.00081  -0.06370   0.00071
   0.05557   0.00081   0.10450   0.00045   0.00013
   0.00095  -0.06370   0.00045   0.15872   0.00049
   0.00020   0.00071   0.00013   0.00049   0.10036
   occupation matrix (subspace #          12 , spin            1 )
   0.16141   0.00071  -0.05536   0.00026   0.00027
   0.00071   0.15894  -0.00006   0.06391   0.00007
  -0.05536  -0.00006   0.10484   0.00078  -0.00017
   0.00026   0.06391   0.00078   0.15912  -0.00026
   0.00027   0.00007  -0.00017  -0.00026   0.09958
   occupation matrix (subspace #          13 , spin            1 )
   0.16021  -0.00013   0.05498  -0.00013   0.00000
  -0.00013   0.16010   0.00025  -0.06462  -0.00059
   0.05498   0.00025   0.10551   0.00026   0.00000
  -0.00013  -0.06462   0.00026   0.16010   0.00059
   0.00000  -0.00059   0.00000   0.00059   0.09976
   occupation matrix (subspace #          14 , spin            1 )
   0.15994   0.00000  -0.05546   0.00000   0.00073
   0.00000   0.15856  -0.00000   0.06301   0.00000
  -0.05546  -0.00000   0.10793   0.00000   0.00004
   0.00000   0.06301   0.00000   0.16095  -0.00000
   0.00073   0.00000   0.00004  -0.00000   0.10074
   occupation matrix (subspace #          15 , spin            1 )
   0.16087  -0.00000   0.05497  -0.00000   0.00000
  -0.00000   0.15914  -0.00000  -0.06273  -0.00000
   0.05497  -0.00000   0.10324  -0.00000   0.00000
  -0.00000  -0.06273  -0.00000   0.15915   0.00000
   0.00000  -0.00000   0.00000   0.00000   0.10177
   occupation matrix (subspace #          16 , spin            1 )
   0.16141   0.00071  -0.05536   0.00026   0.00027
   0.00071   0.15894  -0.00006   0.06391   0.00007
  -0.05536  -0.00006   0.10484   0.00078  -0.00017
   0.00026   0.06391   0.00078   0.15912  -0.00026
   0.00027   0.00007  -0.00017  -0.00026   0.09958
   occupation matrix (subspace #          17 , spin            1 )
   0.16021   0.00013   0.05498   0.00013   0.00000
   0.00013   0.16010  -0.00025  -0.06462   0.00059
   0.05498  -0.00025   0.10551  -0.00026   0.00000
   0.00013  -0.06462  -0.00026   0.16010  -0.00059
   0.00000   0.00059   0.00000  -0.00059   0.09976
   occupation matrix (subspace #          18 , spin            1 )
   0.16141  -0.00071  -0.05536  -0.00026   0.00027
  -0.00071   0.15894   0.00006   0.06391  -0.00007
  -0.05536   0.00006   0.10484  -0.00078  -0.00017
  -0.00026   0.06391  -0.00078   0.15912   0.00026
   0.00027  -0.00007  -0.00017   0.00026   0.09958
   occupation matrix (subspace #          19 , spin            1 )
   0.16108   0.00095   0.05557  -0.00016  -0.00020
   0.00095   0.15871   0.00045  -0.06370  -0.00049
   0.05557   0.00045   0.10450   0.00081  -0.00013
  -0.00016  -0.06370   0.00081   0.15983  -0.00071
  -0.00020  -0.00049  -0.00013  -0.00071   0.10036
   occupation matrix (subspace #          20 , spin            1 )
   0.15994   0.00000  -0.05546   0.00000  -0.00074
   0.00000   0.16094   0.00000   0.06301   0.00000
  -0.05546   0.00000   0.10792  -0.00000  -0.00004
   0.00000   0.06301  -0.00000   0.15857  -0.00000
  -0.00074   0.00000  -0.00004  -0.00000   0.10074
   occupation matrix (subspace #          21 , spin            1 )
   0.16083   0.00000   0.05589   0.00000  -0.00069
   0.00000   0.15821   0.00000  -0.06244  -0.00000
   0.05589   0.00000   0.10609   0.00000   0.00010
   0.00000  -0.06244   0.00000   0.16088  -0.00000
  -0.00069  -0.00000   0.00010  -0.00000   0.10224
   occupation matrix (subspace #          22 , spin            1 )
   0.16141   0.00026  -0.05536   0.00071  -0.00027
   0.00026   0.15912   0.00078   0.06391   0.00026
  -0.05536   0.00078   0.10484  -0.00006   0.00018
   0.00071   0.06391  -0.00006   0.15895  -0.00007
  -0.00027   0.00026   0.00018  -0.00007   0.09958
   occupation matrix (subspace #          23 , spin            1 )
   0.16108  -0.00095   0.05557   0.00016  -0.00020
  -0.00095   0.15871  -0.00045  -0.06370   0.00049
   0.05557  -0.00045   0.10450  -0.00081  -0.00013
   0.00016  -0.06370  -0.00081   0.15983   0.00071
  -0.00020   0.00049  -0.00013   0.00071   0.10036
   occupation matrix (subspace #          24 , spin            1 )
   0.16141  -0.00026  -0.05536  -0.00071  -0.00027
  -0.00026   0.15912  -0.00078   0.06391  -0.00026
  -0.05536  -0.00078   0.10484   0.00006   0.00018
  -0.00071   0.06391   0.00006   0.15895   0.00007
  -0.00027  -0.00026   0.00018   0.00007   0.09958
   occupation matrix (subspace #          25 , spin            1 )
   0.16226   0.00000   0.05688  -0.00000   0.00000
   0.00000   0.15992  -0.00000  -0.06145   0.00000
   0.05688  -0.00000   0.10099   0.00000   0.00000
  -0.00000  -0.06145   0.00000   0.15993   0.00000
   0.00000   0.00000   0.00000   0.00000   0.10321
   occupation matrix (subspace #          26 , spin            1 )
   0.16220   0.00000  -0.05540  -0.00000  -0.00000
   0.00000   0.15807   0.00000   0.06292   0.00000
  -0.05540   0.00000   0.10306  -0.00000   0.00000
  -0.00000   0.06292  -0.00000   0.15807   0.00000
  -0.00000   0.00000   0.00000   0.00000   0.10179
   occupation matrix (subspace #          27 , spin            1 )
   1.09388  -0.00000  -0.57351  -0.00000  -0.00001
  -0.00000   1.37398  -0.00000   0.62799   0.00000
  -0.57351  -0.00000   1.61235  -0.00000  -0.00001
  -0.00000   0.62799  -0.00000   1.37395  -0.00000
  -0.00001   0.00000  -0.00001  -0.00000   1.96643
   occupation matrix (subspace #          28 , spin            1 )
   0.16110   0.00056  -0.05569  -0.00056  -0.00000
   0.00056   0.15832  -0.00075   0.06511   0.00043
  -0.05569  -0.00075   0.10585   0.00075   0.00000
  -0.00056   0.06511   0.00075   0.15832   0.00043
  -0.00000   0.00043   0.00000   0.00043   0.10606
   occupation matrix (subspace #          29 , spin            1 )
   0.16226  -0.00000   0.05688   0.00000   0.00000
  -0.00000   0.15992   0.00000  -0.06145  -0.00000
   0.05688   0.00000   0.10099  -0.00000   0.00000
   0.00000  -0.06145  -0.00000   0.15993  -0.00000
   0.00000  -0.00000   0.00000  -0.00000   0.10321
   occupation matrix (subspace #          30 , spin            1 )
   0.16110  -0.00056  -0.05569   0.00056  -0.00000
  -0.00056   0.15832   0.00075   0.06511  -0.00043
  -0.05569   0.00075   0.10585  -0.00075   0.00000
   0.00056   0.06511  -0.00075   0.15832  -0.00043
  -0.00000  -0.00043   0.00000  -0.00043   0.10606
   occupation matrix (subspace #          31 , spin            1 )
   0.16108  -0.00095   0.05557   0.00016  -0.00020
  -0.00095   0.15871  -0.00045  -0.06370   0.00049
   0.05557  -0.00045   0.10450  -0.00081  -0.00013
   0.00016  -0.06370  -0.00081   0.15983   0.00071
  -0.00020   0.00049  -0.00013   0.00071   0.10036
   occupation matrix (subspace #          32 , spin            1 )
   0.16023  -0.00000  -0.05516  -0.00000  -0.00000
  -0.00000   0.15962   0.00000   0.06466  -0.00000
  -0.05516   0.00000   0.10704   0.00000   0.00000
  -0.00000   0.06466   0.00000   0.15963   0.00000
  -0.00000  -0.00000   0.00000   0.00000   0.09927
   occupation matrix (subspace #          33 , spin            1 )
   0.16083  -0.00000   0.05589   0.00000  -0.00069
  -0.00000   0.15821   0.00000  -0.06244   0.00000
   0.05589   0.00000   0.10609  -0.00000   0.00010
   0.00000  -0.06244  -0.00000   0.16088  -0.00000
  -0.00069   0.00000   0.00010  -0.00000   0.10224
   occupation matrix (subspace #          34 , spin            1 )
   0.16090   0.00076  -0.05528   0.00076  -0.00000
   0.00076   0.16165   0.00253   0.06051   0.00188
  -0.05528   0.00253   0.10164   0.00254   0.00000
   0.00076   0.06051   0.00254   0.16165  -0.00188
  -0.00000   0.00188   0.00000  -0.00188   0.10044
   occupation matrix (subspace #          35 , spin            1 )
   0.16108   0.00095   0.05557  -0.00016  -0.00020
   0.00095   0.15871   0.00045  -0.06370  -0.00049
   0.05557   0.00045   0.10450   0.00081  -0.00013
  -0.00016  -0.06370   0.00081   0.15983  -0.00071
  -0.00020  -0.00049  -0.00013  -0.00071   0.10036
   occupation matrix (subspace #          36 , spin            1 )
   0.16090  -0.00076  -0.05528  -0.00076  -0.00000
  -0.00076   0.16165  -0.00253   0.06051  -0.00188
  -0.05528  -0.00253   0.10164  -0.00254   0.00000
  -0.00076   0.06051  -0.00254   0.16165   0.00188
  -0.00000  -0.00188   0.00000   0.00188   0.10044
   occupation matrix (subspace #          37 , spin            1 )
   0.16021   0.00013   0.05498   0.00013   0.00000
   0.00013   0.16010  -0.00025  -0.06462   0.00059
   0.05498  -0.00025   0.10551  -0.00026   0.00000
   0.00013  -0.06462  -0.00026   0.16010  -0.00059
   0.00000   0.00059   0.00000  -0.00059   0.09976
   occupation matrix (subspace #          38 , spin            1 )
   0.15994  -0.00000  -0.05546  -0.00000  -0.00074
  -0.00000   0.16094  -0.00000   0.06301  -0.00000
  -0.05546  -0.00000   0.10792   0.00000  -0.00004
  -0.00000   0.06301   0.00000   0.15857   0.00000
  -0.00074  -0.00000  -0.00004   0.00000   0.10074
   occupation matrix (subspace #          39 , spin            1 )
   0.16087   0.00000   0.05497   0.00000   0.00000
   0.00000   0.15914   0.00000  -0.06273   0.00000
   0.05497   0.00000   0.10324   0.00000   0.00000
   0.00000  -0.06273   0.00000   0.15915  -0.00000
   0.00000   0.00000   0.00000  -0.00000   0.10177
   occupation matrix (subspace #          40 , spin            1 )
   0.16141  -0.00026  -0.05536  -0.00071  -0.00027
  -0.00026   0.15912  -0.00078   0.06391  -0.00026
  -0.05536  -0.00078   0.10484   0.00006   0.00018
  -0.00071   0.06391   0.00006   0.15895   0.00007
  -0.00027  -0.00026   0.00018   0.00007   0.09958
   occupation matrix (subspace #          41 , spin            1 )
   0.16021  -0.00013   0.05498  -0.00013   0.00000
  -0.00013   0.16010   0.00025  -0.06462  -0.00059
   0.05498   0.00025   0.10551   0.00026   0.00000
  -0.00013  -0.06462   0.00026   0.16010   0.00059
   0.00000  -0.00059   0.00000   0.00059   0.09976
   occupation matrix (subspace #          42 , spin            1 )
   0.16141   0.00026  -0.05536   0.00071  -0.00027
   0.00026   0.15912   0.00078   0.06391   0.00026
  -0.05536   0.00078   0.10484  -0.00006   0.00018
   0.00071   0.06391  -0.00006   0.15895  -0.00007
  -0.00027   0.00026   0.00018  -0.00007   0.09958
   occupation matrix (subspace #          43 , spin            1 )
   0.16108  -0.00016   0.05557   0.00095   0.00020
  -0.00016   0.15982   0.00081  -0.06370   0.00071
   0.05557   0.00081   0.10450   0.00045   0.00013
   0.00095  -0.06370   0.00045   0.15872   0.00049
   0.00020   0.00071   0.00013   0.00049   0.10036
   occupation matrix (subspace #          44 , spin            1 )
   0.16023   0.00000  -0.05516   0.00000  -0.00000
   0.00000   0.15962  -0.00000   0.06466   0.00000
  -0.05516  -0.00000   0.10704  -0.00000   0.00000
   0.00000   0.06466  -0.00000   0.15962  -0.00000
  -0.00000   0.00000   0.00000  -0.00000   0.09927
   occupation matrix (subspace #          45 , spin            1 )
   0.16083   0.00000   0.05589   0.00000   0.00069
   0.00000   0.16088   0.00000  -0.06244  -0.00000
   0.05589   0.00000   0.10609  -0.00000  -0.00010
   0.00000  -0.06244  -0.00000   0.15821   0.00000
   0.00069  -0.00000  -0.00010   0.00000   0.10224
   occupation matrix (subspace #          46 , spin            1 )
   0.16090  -0.00076  -0.05528  -0.00076  -0.00000
  -0.00076   0.16165  -0.00254   0.06051  -0.00188
  -0.05528  -0.00254   0.10164  -0.00254   0.00000
  -0.00076   0.06051  -0.00254   0.16165   0.00188
  -0.00000  -0.00188   0.00000   0.00188   0.10044
   occupation matrix (subspace #          47 , spin            1 )
   0.16108   0.00016   0.05557  -0.00095   0.00020
   0.00016   0.15982  -0.00081  -0.06370  -0.00071
   0.05557  -0.00081   0.10450  -0.00045   0.00013
  -0.00095  -0.06370  -0.00045   0.15872  -0.00049
   0.00020  -0.00071   0.00013  -0.00049   0.10036
   occupation matrix (subspace #          48 , spin            1 )
   0.16090   0.00076  -0.05528   0.00076  -0.00000
   0.00076   0.16165   0.00254   0.06051   0.00188
  -0.05528   0.00254   0.10164   0.00254   0.00000
   0.00076   0.06051   0.00254   0.16165  -0.00188
  -0.00000   0.00188   0.00000  -0.00188   0.10044
   occupation matrix (subspace #          49 , spin            1 )
   0.16134   0.00049   0.05539  -0.00049   0.00000
   0.00049   0.15884  -0.00042  -0.06373  -0.00006
   0.05539  -0.00042   0.10471   0.00042   0.00000
  -0.00049  -0.06373   0.00042   0.15885  -0.00006
   0.00000  -0.00006   0.00000  -0.00006   0.09927
   occupation matrix (subspace #          50 , spin            1 )
   0.16220  -0.00000  -0.05540   0.00000  -0.00000
  -0.00000   0.15807  -0.00000   0.06292  -0.00000
  -0.05540  -0.00000   0.10306   0.00000   0.00000
   0.00000   0.06292   0.00000   0.15807  -0.00000
  -0.00000  -0.00000   0.00000  -0.00000   0.10179
   occupation matrix (subspace #          51 , spin            1 )
   0.16079   0.00000   0.05594  -0.00000   0.00000
   0.00000   0.15891  -0.00000  -0.06447   0.00000
   0.05594  -0.00000   0.10690   0.00000   0.00000
  -0.00000  -0.06447   0.00000   0.15891   0.00000
   0.00000   0.00000   0.00000   0.00000   0.09909
   occupation matrix (subspace #          52 , spin            1 )
   0.16110  -0.00056  -0.05569   0.00056  -0.00000
  -0.00056   0.15832   0.00075   0.06511  -0.00043
  -0.05569   0.00075   0.10585  -0.00075   0.00000
   0.00056   0.06511  -0.00075   0.15832  -0.00043
  -0.00000  -0.00043   0.00000  -0.00043   0.10606
   occupation matrix (subspace #          53 , spin            1 )
   0.16134  -0.00049   0.05539   0.00049   0.00000
  -0.00049   0.15884   0.00042  -0.06373   0.00006
   0.05539   0.00042   0.10471  -0.00042   0.00000
   0.00049  -0.06373  -0.00042   0.15885   0.00006
   0.00000   0.00006   0.00000   0.00006   0.09927
   occupation matrix (subspace #          54 , spin            1 )
   0.16110   0.00056  -0.05569  -0.00056  -0.00000
   0.00056   0.15832  -0.00075   0.06511   0.00043
  -0.05569  -0.00075   0.10585   0.00075   0.00000
  -0.00056   0.06511   0.00075   0.15832   0.00043
  -0.00000   0.00043   0.00000   0.00043   0.10606
